2.99293e+07
2.98297e+07
2.97304e+07
2.96315e+07
2.95329e+07
2.94347e+07
2.93367e+07
2.92391e+07
2.91418e+07
2.90448e+07
2.89482e+07
2.88519e+07
2.87559e+07
2.86602e+07
2.85648e+07
2.84698e+07
2.83750e+07
2.82806e+07
2.81865e+07
2.80927e+07
2.79993e+07
2.79061e+07
2.78132e+07
2.77207e+07
2.76285e+07
2.75365e+07
2.74449e+07
2.73536e+07
2.72626e+07
2.71718e+07
2.70814e+07
2.69913e+07
2.69015e+07
2.68120e+07
2.67228e+07
2.66339e+07
2.65452e+07
2.64569e+07
2.63689e+07
2.62811e+07
2.61937e+07
2.61065e+07
2.60197e+07
2.59331e+07
2.58468e+07
2.57608e+07
2.56751e+07
2.55896e+07
2.55045e+07
2.54196e+07
2.53351e+07
2.52508e+07
2.51667e+07
2.50830e+07
2.49995e+07
2.49163e+07
2.48334e+07
2.47508e+07
2.46685e+07
2.45864e+07
2.45046e+07
2.44230e+07
2.43418e+07
2.42608e+07
2.41800e+07
2.40996e+07
2.40194e+07
2.39395e+07
2.38598e+07
2.37804e+07
2.37013e+07
2.36224e+07
2.35438e+07
2.34655e+07
2.33874e+07
2.33096e+07
2.32320e+07
2.31547e+07
2.30777e+07
2.30009e+07
2.29244e+07
2.28481e+07
2.27720e+07
2.26963e+07
2.26208e+07
2.25455e+07
2.24705e+07
2.23957e+07
2.23212e+07
2.22469e+07
2.21729e+07
2.20991e+07
2.20256e+07
2.19523e+07
2.18792e+07
2.18064e+07
2.17339e+07
2.16616e+07
2.15895e+07
2.15176e+07
2.14460e+07
2.13747e+07
2.13036e+07
2.12327e+07
2.11620e+07
2.10916e+07
2.10214e+07
2.09515e+07
2.08818e+07
2.08123e+07
2.07430e+07
2.06740e+07
2.06052e+07
2.05367e+07
2.04683e+07
2.04002e+07
2.03323e+07
2.02647e+07
2.01973e+07
2.01301e+07
2.00631e+07
1.99963e+07
1.99298e+07
1.98635e+07
1.97974e+07
1.97315e+07
1.96658e+07
1.96004e+07
1.95352e+07
1.94702e+07
1.94054e+07
1.93408e+07
1.92765e+07
1.92123e+07
1.91484e+07
1.90847e+07
1.90212e+07
1.89579e+07
1.88948e+07
1.88319e+07
1.87693e+07
1.87068e+07
1.86446e+07
1.85825e+07
1.85207e+07
1.84591e+07
1.83977e+07
1.83364e+07
1.82754e+07
1.82146e+07
1.81540e+07
1.80936e+07
1.80334e+07
1.79734e+07
1.79136e+07
1.78540e+07
1.77946e+07
1.77354e+07
1.76764e+07
1.76175e+07
1.75589e+07
1.75005e+07
1.74423e+07
1.73842e+07
1.73264e+07
1.72687e+07
1.72113e+07
1.71540e+07
1.70969e+07
1.70400e+07
1.69833e+07
1.69268e+07
1.68705e+07
1.68144e+07
1.67584e+07
1.67027e+07
1.66471e+07
1.65917e+07
1.65365e+07
1.64815e+07
1.64266e+07
1.63720e+07
1.63175e+07
1.62632e+07
1.62091e+07
1.61551e+07
1.61014e+07
1.60478e+07
1.59944e+07
1.59412e+07
1.58881e+07
1.58353e+07
1.57826e+07
1.57301e+07
1.56777e+07
1.56256e+07
1.55736e+07
1.55217e+07
1.54701e+07
1.54186e+07
1.53673e+07
1.53162e+07
1.52652e+07
1.52144e+07
1.51638e+07
1.51133e+07
1.50631e+07
1.50129e+07
1.49630e+07
1.49132e+07
1.48636e+07
1.48141e+07
1.47648e+07
1.47157e+07
1.46667e+07
1.46179e+07
1.45693e+07
1.45208e+07
1.44725e+07
1.44243e+07
1.43763e+07
1.43285e+07
1.42808e+07
1.42333e+07
1.41859e+07
1.41387e+07
1.40917e+07
1.40448e+07
1.39981e+07
1.39515e+07
1.39051e+07
1.38588e+07
1.38127e+07
1.37667e+07
1.37209e+07
1.36753e+07
1.36298e+07
1.35844e+07
1.35392e+07
1.34942e+07
1.34493e+07
1.34045e+07
1.33599e+07
1.33155e+07
1.32712e+07
1.32270e+07
1.31830e+07
1.31391e+07
1.30954e+07
1.30518e+07
1.30084e+07
1.29651e+07
1.29220e+07
1.28790e+07
1.28361e+07
1.27934e+07
1.27508e+07
1.27084e+07
1.26661e+07
1.26240e+07
1.25820e+07
1.25401e+07
1.24984e+07
1.24568e+07
1.24153e+07
1.23740e+07
1.23329e+07
1.22918e+07
1.22509e+07
1.22102e+07
1.21695e+07
1.21290e+07
1.20887e+07
1.20485e+07
1.20084e+07
1.19684e+07
1.19286e+07
1.18889e+07
1.18493e+07
1.18099e+07
1.17706e+07
1.17314e+07
1.16924e+07
1.16535e+07
1.16147e+07
1.15761e+07
1.15376e+07
1.14992e+07
1.14609e+07
1.14228e+07
1.13848e+07
1.13469e+07
1.13091e+07
1.12715e+07
1.12340e+07
1.11966e+07
1.11594e+07
1.11222e+07
1.10852e+07
1.10483e+07
1.10116e+07
1.09749e+07
1.09384e+07
1.09020e+07
1.08657e+07
1.08296e+07
1.07935e+07
1.07576e+07
1.07218e+07
1.06862e+07
1.06506e+07
1.06152e+07
1.05798e+07
1.05446e+07
1.05096e+07
1.04746e+07
1.04397e+07
1.04050e+07
1.03704e+07
1.03359e+07
1.03015e+07
1.02672e+07
1.02330e+07
1.01990e+07
1.01650e+07
1.01312e+07
1.00975e+07
1.00639e+07
1.00304e+07
9.99705e+06
9.96379e+06
9.93063e+06
9.89759e+06
9.86465e+06
9.83183e+06
9.79912e+06
9.76651e+06
9.73401e+06
9.70162e+06
9.66934e+06
9.63717e+06
9.60510e+06
9.57314e+06
9.54129e+06
9.50954e+06
9.47790e+06
9.44636e+06
9.41493e+06
9.38360e+06
9.35238e+06
9.32126e+06
9.29024e+06
9.25933e+06
9.22852e+06
9.19781e+06
9.16721e+06
9.13670e+06
9.10630e+06
9.07600e+06
9.04580e+06
9.01570e+06
8.98570e+06
8.95581e+06
8.92601e+06
8.89630e+06
8.86670e+06
8.83720e+06
8.80779e+06
8.77849e+06
8.74928e+06
8.72016e+06
8.69115e+06
8.66223e+06
8.63341e+06
8.60468e+06
8.57605e+06
8.54751e+06
8.51907e+06
8.49072e+06
8.46247e+06
8.43431e+06
8.40625e+06
8.37828e+06
8.35040e+06
8.32262e+06
8.29492e+06
8.26732e+06
8.23981e+06
8.21240e+06
8.18507e+06
8.15783e+06
8.13069e+06
8.10364e+06
8.07667e+06
8.04980e+06
8.02301e+06
7.99632e+06
7.96971e+06
7.94319e+06
7.91676e+06
7.89042e+06
7.86416e+06
7.83800e+06
7.81191e+06
7.78592e+06
7.76001e+06
7.73419e+06
7.70846e+06
7.68281e+06
7.65725e+06
7.63177e+06
7.60637e+06
7.58106e+06
7.55584e+06
7.53070e+06
7.50564e+06
7.48066e+06
7.45577e+06
7.43096e+06
7.40624e+06
7.38159e+06
7.35703e+06
7.33255e+06
7.30815e+06
7.28384e+06
7.25960e+06
7.23544e+06
7.21137e+06
7.18737e+06
7.16346e+06
7.13962e+06
7.11587e+06
7.09219e+06
7.06859e+06
7.04507e+06
7.02163e+06
6.99826e+06
6.97498e+06
6.95177e+06
6.92864e+06
6.90558e+06
6.88260e+06
6.85970e+06
6.83688e+06
6.81413e+06
6.79146e+06
6.76886e+06
6.74633e+06
6.72389e+06
6.70151e+06
6.67922e+06
6.65699e+06
6.63484e+06
6.61276e+06
6.59076e+06
6.56883e+06
6.54697e+06
6.52519e+06
6.50348e+06
6.48184e+06
6.46027e+06
6.43877e+06
6.41735e+06
6.39599e+06
6.37471e+06
6.35350e+06
6.33236e+06
6.31129e+06
6.29029e+06
6.26936e+06
6.24850e+06
6.22771e+06
6.20698e+06
6.18633e+06
6.16575e+06
6.14523e+06
6.12478e+06
6.10440e+06
6.08409e+06
6.06385e+06
6.04367e+06
6.02356e+06
6.00352e+06
5.98354e+06
5.96363e+06
5.94379e+06
5.92401e+06
5.90430e+06
5.88465e+06
5.86507e+06
5.84556e+06
5.82610e+06
5.80672e+06
5.78740e+06
5.76814e+06
5.74895e+06
5.72982e+06
5.71075e+06
5.69175e+06
5.67281e+06
5.65394e+06
5.63512e+06
5.61637e+06
5.59768e+06
5.57906e+06
5.56049e+06
5.54199e+06
5.52355e+06
5.50517e+06
5.48685e+06
5.46860e+06
5.45040e+06
5.43227e+06
5.41419e+06
5.39618e+06
5.37822e+06
5.36032e+06
5.34249e+06
5.32471e+06
5.30699e+06
5.28934e+06
5.27173e+06
5.25419e+06
5.23671e+06
5.21929e+06
5.20192e+06
5.18461e+06
5.16736e+06
5.15017e+06
5.13303e+06
5.11595e+06
5.09893e+06
5.08196e+06
5.06505e+06
5.04820e+06
5.03140e+06
5.01466e+06
4.99797e+06
4.98134e+06
4.96477e+06
4.94825e+06
4.93178e+06
4.91537e+06
4.89901e+06
4.88271e+06
4.86647e+06
4.85027e+06
4.83414e+06
4.81805e+06
4.80202e+06
4.78604e+06
4.77012e+06
4.75424e+06
4.73842e+06
4.72266e+06
4.70694e+06
4.69128e+06
4.67567e+06
4.66011e+06
4.64461e+06
4.62915e+06
4.61375e+06
4.59840e+06
4.58310e+06
4.56785e+06
4.55265e+06
4.53750e+06
4.52240e+06
4.50735e+06
4.49235e+06
4.47741e+06
4.46251e+06
4.44766e+06
4.43286e+06
4.41811e+06
4.40341e+06
4.38876e+06
4.37415e+06
4.35960e+06
4.34509e+06
4.33064e+06
4.31623e+06
4.30186e+06
4.28755e+06
4.27328e+06
4.25906e+06
4.24489e+06
4.23077e+06
4.21669e+06
4.20266e+06
4.18868e+06
4.17474e+06
4.16085e+06
4.14700e+06
4.13320e+06
4.11945e+06
4.10574e+06
4.09208e+06
4.07847e+06
4.06489e+06
4.05137e+06
4.03789e+06
4.02445e+06
4.01106e+06
3.99772e+06
3.98441e+06
3.97116e+06
3.95794e+06
3.94477e+06
3.93165e+06
3.91856e+06
3.90552e+06
3.89253e+06
3.87958e+06
3.86667e+06
3.85380e+06
3.84098e+06
3.82820e+06
3.81546e+06
3.80276e+06
3.79011e+06
3.77750e+06
3.76493e+06
3.75240e+06
3.73992e+06
3.72747e+06
3.71507e+06
3.70271e+06
3.69039e+06
3.67811e+06
3.66587e+06
3.65367e+06
3.64151e+06
3.62940e+06
3.61732e+06
3.60529e+06
3.59329e+06
3.58133e+06
3.56942e+06
3.55754e+06
3.54570e+06
3.53390e+06
3.52214e+06
3.51042e+06
3.49874e+06
3.48710e+06
3.47550e+06
3.46393e+06
3.45241e+06
3.44092e+06
3.42947e+06
3.41806e+06
3.40669e+06
3.39535e+06
3.38405e+06
3.37279e+06
3.36157e+06
3.35039e+06
3.33924e+06
3.32813e+06
3.31705e+06
3.30602e+06
3.29501e+06
3.28405e+06
3.27312e+06
3.26223e+06
3.25138e+06
3.24056e+06
3.22978e+06
3.21903e+06
3.20832e+06
3.19764e+06
3.18700e+06
3.17640e+06
3.16583e+06
3.15530e+06
3.14480e+06
3.13433e+06
3.12390e+06
3.11351e+06
3.10315e+06
3.09282e+06
3.08253e+06
3.07227e+06
3.06205e+06
3.05186e+06
3.04171e+06
3.03159e+06
3.02150e+06
3.01145e+06
3.00143e+06
2.99144e+06
2.98148e+06
2.97156e+06
2.96168e+06
2.95182e+06
2.94200e+06
2.93221e+06
2.92245e+06
2.91273e+06
2.90304e+06
2.89338e+06
2.88375e+06
2.87416e+06
2.86459e+06
2.85506e+06
2.84556e+06
2.83609e+06
2.82665e+06
2.81725e+06
2.80787e+06
2.79853e+06
2.78922e+06
2.77994e+06
2.77069e+06
2.76147e+06
2.75228e+06
2.74312e+06
2.73400e+06
2.72490e+06
2.71583e+06
2.70680e+06
2.69779e+06
2.68881e+06
2.67986e+06
2.67095e+06
2.66206e+06
2.65320e+06
2.64437e+06
2.63558e+06
2.62681e+06
2.61807e+06
2.60935e+06
2.60067e+06
2.59202e+06
2.58339e+06
2.57480e+06
2.56623e+06
2.55769e+06
2.54918e+06
2.54070e+06
2.53224e+06
2.52382e+06
2.51542e+06
2.50705e+06
2.49871e+06
2.49039e+06
2.48211e+06
2.47385e+06
2.46562e+06
2.45741e+06
2.44924e+06
2.44109e+06
2.43296e+06
2.42487e+06
2.41680e+06
2.40876e+06
2.40074e+06
2.39275e+06
2.38479e+06
2.37686e+06
2.36895e+06
2.36107e+06
2.35321e+06
2.34538e+06
2.33758e+06
2.32980e+06
2.32205e+06
2.31432e+06
2.30662e+06
2.29894e+06
2.29129e+06
2.28367e+06
2.27607e+06
2.26850e+06
2.26095e+06
2.25343e+06
2.24593e+06
2.23846e+06
2.23101e+06
2.22358e+06
2.21618e+06
2.20881e+06
2.20146e+06
2.19414e+06
2.18683e+06
2.17956e+06
2.17231e+06
2.16508e+06
2.15787e+06
2.15069e+06
2.14354e+06
2.13640e+06
2.12930e+06
2.12221e+06
2.11515e+06
2.10811e+06
2.10110e+06
2.09411e+06
2.08714e+06
2.08019e+06
2.07327e+06
2.06637e+06
2.05950e+06
2.05264e+06
2.04581e+06
2.03901e+06
2.03222e+06
2.02546e+06
2.01872e+06
2.01200e+06
2.00531e+06
1.99864e+06
1.99199e+06
1.98536e+06
1.97875e+06
1.97217e+06
1.96560e+06
1.95906e+06
1.95255e+06
1.94605e+06
1.93957e+06
1.93312e+06
1.92669e+06
1.92028e+06
1.91389e+06
1.90752e+06
1.90117e+06
1.89485e+06
1.88854e+06
1.88226e+06
1.87599e+06
1.86975e+06
1.86353e+06
1.85733e+06
1.85115e+06
1.84499e+06
1.83885e+06
1.83273e+06
1.82663e+06
1.82056e+06
1.81450e+06
1.80846e+06
1.80244e+06
1.79645e+06
1.79047e+06
1.78451e+06
1.77857e+06
1.77265e+06
1.76676e+06
1.76088e+06
1.75502e+06
1.74918e+06
1.74336e+06
1.73756e+06
1.73178e+06
1.72601e+06
1.72027e+06
1.71455e+06
1.70884e+06
1.70315e+06
1.69749e+06
1.69184e+06
1.68621e+06
1.68060e+06
1.67501e+06
1.66943e+06
1.66388e+06
1.65834e+06
1.65282e+06
1.64732e+06
1.64184e+06
1.63638e+06
1.63094e+06
1.62551e+06
1.62010e+06
1.61471e+06
1.60934e+06
1.60398e+06
1.59864e+06
1.59332e+06
1.58802e+06
1.58274e+06
1.57747e+06
1.57222e+06
1.56699e+06
1.56178e+06
1.55658e+06
1.55140e+06
1.54624e+06
1.54110e+06
1.53597e+06
1.53086e+06
1.52576e+06
1.52069e+06
1.51563e+06
1.51058e+06
1.50556e+06
1.50055e+06
1.49555e+06
1.49058e+06
1.48562e+06
1.48067e+06
1.47575e+06
1.47084e+06
1.46594e+06
1.46107e+06
1.45620e+06
1.45136e+06
1.44653e+06
1.44172e+06
1.43692e+06
1.43214e+06
1.42737e+06
1.42262e+06
1.41789e+06
1.41317e+06
1.40847e+06
1.40378e+06
1.39911e+06
1.39446e+06
1.38982e+06
1.38519e+06
1.38058e+06
1.37599e+06
1.37141e+06
1.36685e+06
1.36230e+06
1.35777e+06
1.35325e+06
1.34874e+06
1.34426e+06
1.33978e+06
1.33533e+06
1.33088e+06
1.32645e+06
1.32204e+06
1.31764e+06
1.31326e+06
1.30889e+06
1.30453e+06
1.30019e+06
1.29587e+06
1.29155e+06
1.28726e+06
1.28297e+06
1.27870e+06
1.27445e+06
1.27021e+06
1.26598e+06
1.26177e+06
1.25757e+06
1.25339e+06
1.24922e+06
1.24506e+06
1.24092e+06
1.23679e+06
1.23267e+06
1.22857e+06
1.22448e+06
1.22041e+06
1.21635e+06
1.21230e+06
1.20827e+06
1.20425e+06
1.20024e+06
1.19624e+06
1.19226e+06
1.18830e+06
1.18434e+06
1.18040e+06
1.17647e+06
1.17256e+06
1.16866e+06
1.16477e+06
1.16089e+06
1.15703e+06
1.15318e+06
1.14934e+06
1.14552e+06
1.14171e+06
1.13791e+06
1.13412e+06
1.13035e+06
1.12659e+06
1.12284e+06
1.11910e+06
1.11538e+06
1.11167e+06
1.10797e+06
1.10428e+06
1.10061e+06
1.09695e+06
1.09330e+06
1.08966e+06
1.08603e+06
1.08242e+06
1.07882e+06
1.07523e+06
1.07165e+06
1.06808e+06
1.06453e+06
1.06099e+06
1.05746e+06
1.05394e+06
1.05043e+06
1.04694e+06
1.04345e+06
1.03998e+06
1.03652e+06
1.03307e+06
1.02963e+06
1.02621e+06
1.02279e+06
1.01939e+06
1.01600e+06
1.01262e+06
1.00925e+06
1.00589e+06
1.00254e+06
9.99207e+05
9.95882e+05
9.92569e+05
9.89266e+05
9.85974e+05
9.82694e+05
9.79424e+05
9.76165e+05
9.72917e+05
9.69679e+05
9.66453e+05
9.63237e+05
9.60032e+05
9.56838e+05
9.53654e+05
9.50481e+05
9.47318e+05
9.44166e+05
9.41024e+05
9.37893e+05
9.34772e+05
9.31662e+05
9.28562e+05
9.25472e+05
9.22393e+05
9.19323e+05
9.16264e+05
9.13216e+05
9.10177e+05
9.07148e+05
9.04130e+05
9.01122e+05
8.98123e+05
8.95135e+05
8.92156e+05
8.89188e+05
8.86229e+05
8.83280e+05
8.80341e+05
8.77412e+05
8.74492e+05
8.71582e+05
8.68682e+05
8.65792e+05
8.62911e+05
8.60040e+05
8.57178e+05
8.54326e+05
8.51483e+05
8.48650e+05
8.45826e+05
8.43012e+05
8.40207e+05
8.37411e+05
8.34624e+05
8.31847e+05
8.29079e+05
8.26321e+05
8.23571e+05
8.20831e+05
8.18100e+05
8.15377e+05
8.12664e+05
8.09960e+05
8.07265e+05
8.04579e+05
8.01902e+05
7.99234e+05
7.96574e+05
7.93924e+05
7.91282e+05
7.88649e+05
7.86025e+05
7.83409e+05
7.80803e+05
7.78205e+05
7.75615e+05
7.73034e+05
7.70462e+05
7.67898e+05
7.65343e+05
7.62797e+05
7.60259e+05
7.57729e+05
7.55208e+05
7.52695e+05
7.50190e+05
7.47694e+05
7.45206e+05
7.42726e+05
7.40255e+05
7.37792e+05
7.35337e+05
7.32890e+05
7.30452e+05
7.28021e+05
7.25599e+05
7.23184e+05
7.20778e+05
7.18380e+05
7.15989e+05
7.13607e+05
7.11232e+05
7.08866e+05
7.06507e+05
7.04156e+05
7.01813e+05
6.99478e+05
6.97151e+05
6.94831e+05
6.92519e+05
6.90215e+05
6.87918e+05
6.85629e+05
6.83348e+05
6.81074e+05
6.78807e+05
6.76549e+05
6.74298e+05
6.72054e+05
6.69818e+05
6.67589e+05
6.65368e+05
6.63154e+05
6.60947e+05
6.58748e+05
6.56556e+05
6.54371e+05
6.52194e+05
6.50024e+05
6.47861e+05
6.45705e+05
6.43557e+05
6.41415e+05
6.39281e+05
6.37154e+05
6.35034e+05
6.32921e+05
6.30815e+05
6.28716e+05
6.26624e+05
6.24539e+05
6.22461e+05
6.20389e+05
6.18325e+05
6.16268e+05
6.14217e+05
6.12173e+05
6.10136e+05
6.08106e+05
6.06083e+05
6.04066e+05
6.02056e+05
6.00053e+05
5.98056e+05
5.96066e+05
5.94083e+05
5.92106e+05
5.90136e+05
5.88172e+05
5.86215e+05
5.84265e+05
5.82320e+05
5.80383e+05
5.78452e+05
5.76527e+05
5.74609e+05
5.72697e+05
5.70791e+05
5.68892e+05
5.66999e+05
5.65112e+05
5.63232e+05
5.61358e+05
5.59490e+05
5.57628e+05
5.55773e+05
5.53923e+05
5.52080e+05
5.50243e+05
5.48412e+05
5.46588e+05
5.44769e+05
5.42956e+05
5.41150e+05
5.39349e+05
5.37554e+05
5.35766e+05
5.33983e+05
5.32206e+05
5.30435e+05
5.28670e+05
5.26911e+05
5.25158e+05
5.23410e+05
5.21669e+05
5.19933e+05
5.18203e+05
5.16479e+05
5.14760e+05
5.13047e+05
5.11340e+05
5.09639e+05
5.07943e+05
5.06253e+05
5.04568e+05
5.02889e+05
5.01216e+05
4.99548e+05
4.97886e+05
4.96229e+05
4.94578e+05
4.92933e+05
4.91292e+05
4.89658e+05
4.88028e+05
4.86404e+05
4.84786e+05
4.83173e+05
4.81565e+05
4.79963e+05
4.78366e+05
4.76774e+05
4.75188e+05
4.73606e+05
4.72031e+05
4.70460e+05
4.68895e+05
4.67334e+05
4.65779e+05
4.64229e+05
4.62685e+05
4.61145e+05
4.59611e+05
4.58081e+05
4.56557e+05
4.55038e+05
4.53524e+05
4.52015e+05
4.50511e+05
4.49012e+05
4.47518e+05
4.46029e+05
4.44545e+05
4.43065e+05
4.41591e+05
4.40122e+05
4.38657e+05
4.37198e+05
4.35743e+05
4.34293e+05
4.32848e+05
4.31408e+05
4.29972e+05
4.28542e+05
4.27116e+05
4.25694e+05
4.24278e+05
4.22866e+05
4.21459e+05
4.20057e+05
4.18659e+05
4.17266e+05
4.15878e+05
4.14494e+05
4.13115e+05
4.11740e+05
4.10370e+05
4.09004e+05
4.07644e+05
4.06287e+05
4.04935e+05
4.03588e+05
4.02245e+05
4.00906e+05
3.99573e+05
3.98243e+05
3.96918e+05
3.95597e+05
3.94281e+05
3.92969e+05
3.91661e+05
3.90358e+05
3.89059e+05
3.87765e+05
3.86474e+05
3.85188e+05
3.83907e+05
3.82629e+05
3.81356e+05
3.80087e+05
3.78822e+05
3.77562e+05
3.76306e+05
3.75054e+05
3.73806e+05
3.72562e+05
3.71322e+05
3.70087e+05
3.68855e+05
3.67628e+05
3.66405e+05
3.65185e+05
3.63970e+05
3.62759e+05
3.61552e+05
3.60349e+05
3.59150e+05
3.57955e+05
3.56764e+05
3.55577e+05
3.54394e+05
3.53214e+05
3.52039e+05
3.50868e+05
3.49700e+05
3.48537e+05
3.47377e+05
3.46221e+05
3.45069e+05
3.43921e+05
3.42776e+05
3.41636e+05
3.40499e+05
3.39366e+05
3.38237e+05
3.37111e+05
3.35990e+05
3.34872e+05
3.33758e+05
3.32647e+05
3.31540e+05
3.30437e+05
3.29337e+05
3.28242e+05
3.27149e+05
3.26061e+05
3.24976e+05
3.23895e+05
3.22817e+05
3.21743e+05
3.20672e+05
3.19605e+05
3.18542e+05
3.17482e+05
3.16425e+05
3.15372e+05
3.14323e+05
3.13277e+05
3.12235e+05
3.11196e+05
3.10160e+05
3.09128e+05
3.08100e+05
3.07075e+05
3.06053e+05
3.05034e+05
3.04019e+05
3.03008e+05
3.02000e+05
3.00995e+05
2.99993e+05
2.98995e+05
2.98000e+05
2.97009e+05
2.96020e+05
2.95035e+05
2.94054e+05
2.93075e+05
2.92100e+05
2.91128e+05
2.90159e+05
2.89194e+05
2.88232e+05
2.87272e+05
2.86317e+05
2.85364e+05
2.84414e+05
2.83468e+05
2.82525e+05
2.81585e+05
2.80648e+05
2.79714e+05
2.78783e+05
2.77856e+05
2.76931e+05
2.76010e+05
2.75091e+05
2.74176e+05
2.73264e+05
2.72354e+05
2.71448e+05
2.70545e+05
2.69645e+05
2.68747e+05
2.67853e+05
2.66962e+05
2.66074e+05
2.65188e+05
2.64306e+05
2.63426e+05
2.62550e+05
2.61676e+05
2.60806e+05
2.59938e+05
2.59073e+05
2.58211e+05
2.57352e+05
2.56495e+05
2.55642e+05
2.54791e+05
2.53943e+05
2.53098e+05
2.52256e+05
2.51417e+05
2.50580e+05
2.49746e+05
2.48915e+05
2.48087e+05
2.47262e+05
2.46439e+05
2.45619e+05
2.44802e+05
2.43987e+05
2.43175e+05
2.42366e+05
2.41560e+05
2.40756e+05
2.39955e+05
2.39156e+05
2.38361e+05
2.37567e+05
2.36777e+05
2.35989e+05
2.35204e+05
2.34421e+05
2.33641e+05
2.32864e+05
2.32089e+05
2.31317e+05
2.30547e+05
2.29780e+05
2.29015e+05
2.28253e+05
2.27494e+05
2.26737e+05
2.25982e+05
2.25230e+05
2.24481e+05
2.23734e+05
2.22990e+05
2.22248e+05
2.21508e+05
2.20771e+05
2.20036e+05
2.19304e+05
2.18575e+05
2.17847e+05
2.17122e+05
2.16400e+05
2.15680e+05
2.14962e+05
2.14247e+05
2.13534e+05
2.12824e+05
2.12115e+05
2.11410e+05
2.10706e+05
2.10005e+05
2.09306e+05
2.08610e+05
2.07916e+05
2.07224e+05
2.06534e+05
2.05847e+05
2.05162e+05
2.04480e+05
2.03799e+05
2.03121e+05
2.02445e+05
2.01772e+05
2.01100e+05
2.00431e+05
1.99764e+05
1.99099e+05
1.98437e+05
1.97777e+05
1.97119e+05
1.96463e+05
1.95809e+05
1.95157e+05
1.94508e+05
1.93861e+05
1.93216e+05
1.92573e+05
1.91932e+05
1.91293e+05
1.90657e+05
1.90023e+05
1.89390e+05
1.88760e+05
1.88132e+05
1.87506e+05
1.86882e+05
1.86260e+05
1.85640e+05
1.85023e+05
1.84407e+05
1.83794e+05
1.83182e+05
1.82572e+05
1.81965e+05
1.81359e+05
1.80756e+05
1.80155e+05
1.79555e+05
1.78958e+05
1.78362e+05
1.77769e+05
1.77177e+05
1.76588e+05
1.76000e+05
1.75414e+05
1.74831e+05
1.74249e+05
1.73669e+05
1.73091e+05
1.72515e+05
1.71941e+05
1.71369e+05
1.70799e+05
1.70231e+05
1.69664e+05
1.69100e+05
1.68537e+05
1.67976e+05
1.67417e+05
1.66860e+05
1.66305e+05
1.65752e+05
1.65200e+05
1.64650e+05
1.64103e+05
1.63557e+05
1.63012e+05
1.62470e+05
1.61929e+05
1.61391e+05
1.60854e+05
1.60318e+05
1.59785e+05
1.59253e+05
1.58723e+05
1.58195e+05
1.57669e+05
1.57144e+05
1.56621e+05
1.56100e+05
1.55581e+05
1.55063e+05
1.54547e+05
1.54033e+05
1.53520e+05
1.53009e+05
1.52500e+05
1.51993e+05
1.51487e+05
1.50983e+05
1.50481e+05
1.49980e+05
1.49481e+05
1.48984e+05
1.48488e+05
1.47994e+05
1.47501e+05
1.47010e+05
1.46521e+05
1.46034e+05
1.45548e+05
1.45064e+05
1.44581e+05
1.44100e+05
1.43620e+05
1.43142e+05
1.42666e+05
1.42191e+05
1.41718e+05
1.41247e+05
1.40777e+05
1.40308e+05
1.39841e+05
1.39376e+05
1.38912e+05
1.38450e+05
1.37989e+05
1.37530e+05
1.37073e+05
1.36617e+05
1.36162e+05
1.35709e+05
1.35257e+05
1.34807e+05
1.34359e+05
1.33912e+05
1.33466e+05
1.33022e+05
1.32579e+05
1.32138e+05
1.31699e+05
1.31260e+05
1.30824e+05
1.30388e+05
1.29954e+05
1.29522e+05
1.29091e+05
1.28662e+05
1.28233e+05
1.27807e+05
1.27381e+05
1.26958e+05
1.26535e+05
1.26114e+05
1.25694e+05
1.25276e+05
1.24859e+05
1.24444e+05
1.24030e+05
1.23617e+05
1.23206e+05
1.22796e+05
1.22387e+05
1.21980e+05
1.21574e+05
1.21170e+05
1.20766e+05
1.20365e+05
1.19964e+05
1.19565e+05
1.19167e+05
1.18771e+05
1.18375e+05
1.17981e+05
1.17589e+05
1.17198e+05
1.16808e+05
1.16419e+05
1.16032e+05
1.15646e+05
1.15261e+05
1.14877e+05
1.14495e+05
1.14114e+05
1.13734e+05
1.13356e+05
1.12979e+05
1.12603e+05
1.12228e+05
1.11855e+05
1.11482e+05
1.11112e+05
1.10742e+05
1.10373e+05
1.10006e+05
1.09640e+05
1.09275e+05
1.08912e+05
1.08549e+05
1.08188e+05
1.07828e+05
1.07469e+05
1.07112e+05
1.06755e+05
1.06400e+05
1.06046e+05
1.05693e+05
1.05341e+05
1.04991e+05
1.04642e+05
1.04293e+05
1.03946e+05
1.03600e+05
1.03256e+05
1.02912e+05
1.02570e+05
1.02228e+05
1.01888e+05
1.01549e+05
1.01211e+05
1.00875e+05
1.00539e+05
1.00204e+05
9.98710e+04
9.95387e+04
9.92075e+04
9.88774e+04
9.85484e+04
9.82204e+04
9.78936e+04
9.75679e+04
9.72432e+04
9.69197e+04
9.65972e+04
9.62758e+04
9.59554e+04
9.56361e+04
9.53179e+04
9.50007e+04
9.46846e+04
9.43696e+04
9.40556e+04
9.37426e+04
9.34307e+04
9.31198e+04
9.28099e+04
9.25011e+04
9.21933e+04
9.18866e+04
9.15808e+04
9.12761e+04
9.09724e+04
9.06697e+04
9.03680e+04
9.00673e+04
8.97676e+04
8.94689e+04
8.91712e+04
8.88745e+04
8.85788e+04
8.82840e+04
8.79903e+04
8.76975e+04
8.74057e+04
8.71149e+04
8.68250e+04
8.65361e+04
8.62481e+04
8.59612e+04
8.56751e+04
8.53901e+04
8.51059e+04
8.48227e+04
8.45405e+04
8.42592e+04
8.39788e+04
8.36994e+04
8.34209e+04
8.31433e+04
8.28667e+04
8.25909e+04
8.23161e+04
8.20422e+04
8.17692e+04
8.14971e+04
8.12260e+04
8.09557e+04
8.06863e+04
8.04179e+04
8.01503e+04
7.98836e+04
7.96178e+04
7.93528e+04
7.90888e+04
7.88256e+04
7.85634e+04
7.83019e+04
7.80414e+04
7.77817e+04
7.75229e+04
7.72650e+04
7.70079e+04
7.67516e+04
7.64962e+04
7.62417e+04
7.59880e+04
7.57352e+04
7.54832e+04
7.52320e+04
7.49817e+04
7.47322e+04
7.44835e+04
7.42357e+04
7.39887e+04
7.37425e+04
7.34971e+04
7.32525e+04
7.30088e+04
7.27659e+04
7.25237e+04
7.22824e+04
7.20419e+04
7.18022e+04
7.15633e+04
7.13252e+04
7.10878e+04
7.08513e+04
7.06155e+04
7.03806e+04
7.01464e+04
6.99130e+04
6.96803e+04
6.94485e+04
6.92174e+04
6.89871e+04
6.87575e+04
6.85288e+04
6.83007e+04
6.80735e+04
6.78470e+04
6.76212e+04
6.73962e+04
6.71719e+04
6.69484e+04
6.67257e+04
6.65036e+04
6.62824e+04
6.60618e+04
6.58420e+04
6.56229e+04
6.54046e+04
6.51869e+04
6.49700e+04
6.47538e+04
6.45384e+04
6.43236e+04
6.41096e+04
6.38963e+04
6.36837e+04
6.34718e+04
6.32606e+04
6.30501e+04
6.28403e+04
6.26312e+04
6.24228e+04
6.22151e+04
6.20081e+04
6.18017e+04
6.15961e+04
6.13911e+04
6.11869e+04
6.09833e+04
6.07803e+04
6.05781e+04
6.03765e+04
6.01756e+04
5.99754e+04
5.97758e+04
5.95769e+04
5.93787e+04
5.91811e+04
5.89842e+04
5.87879e+04
5.85923e+04
5.83974e+04
5.82031e+04
5.80094e+04
5.78164e+04
5.76240e+04
5.74323e+04
5.72412e+04
5.70507e+04
5.68609e+04
5.66717e+04
5.64831e+04
5.62951e+04
5.61078e+04
5.59211e+04
5.57351e+04
5.55496e+04
5.53648e+04
5.51805e+04
5.49969e+04
5.48139e+04
5.46315e+04
5.44498e+04
5.42686e+04
5.40880e+04
5.39080e+04
5.37287e+04
5.35499e+04
5.33717e+04
5.31941e+04
5.30171e+04
5.28407e+04
5.26649e+04
5.24896e+04
5.23150e+04
5.21409e+04
5.19674e+04
5.17945e+04
5.16222e+04
5.14504e+04
5.12792e+04
5.11086e+04
5.09385e+04
5.07690e+04
5.06001e+04
5.04317e+04
5.02639e+04
5.00967e+04
4.99300e+04
4.97638e+04
4.95982e+04
4.94332e+04
4.92687e+04
4.91048e+04
4.89414e+04
4.87785e+04
4.86162e+04
4.84545e+04
4.82932e+04
4.81325e+04
4.79724e+04
4.78128e+04
4.76537e+04
4.74951e+04
4.73371e+04
4.71796e+04
4.70226e+04
4.68661e+04
4.67102e+04
4.65547e+04
4.63998e+04
4.62454e+04
4.60916e+04
4.59382e+04
4.57853e+04
4.56330e+04
4.54812e+04
4.53298e+04
4.51790e+04
4.50287e+04
4.48788e+04
4.47295e+04
4.45807e+04
4.44323e+04
4.42845e+04
4.41371e+04
4.39903e+04
4.38439e+04
4.36980e+04
4.35526e+04
4.34077e+04
4.32632e+04
4.31193e+04
4.29758e+04
4.28328e+04
4.26903e+04
4.25482e+04
4.24067e+04
4.22656e+04
4.21249e+04
4.19848e+04
4.18451e+04
4.17058e+04
4.15671e+04
4.14287e+04
4.12909e+04
4.11535e+04
4.10166e+04
4.08801e+04
4.07441e+04
4.06085e+04
4.04734e+04
4.03387e+04
4.02045e+04
4.00707e+04
3.99374e+04
3.98045e+04
3.96720e+04
3.95400e+04
3.94085e+04
3.92773e+04
3.91466e+04
3.90164e+04
3.88866e+04
3.87572e+04
3.86282e+04
3.84997e+04
3.83716e+04
3.82439e+04
3.81166e+04
3.79898e+04
3.78634e+04
3.77374e+04
3.76118e+04
3.74867e+04
3.73619e+04
3.72376e+04
3.71137e+04
3.69902e+04
3.68671e+04
3.67445e+04
3.66222e+04
3.65004e+04
3.63789e+04
3.62579e+04
3.61372e+04
3.60170e+04
3.58971e+04
3.57777e+04
3.56586e+04
3.55400e+04
3.54217e+04
3.53039e+04
3.51864e+04
3.50693e+04
3.49526e+04
3.48363e+04
3.47204e+04
3.46049e+04
3.44897e+04
3.43750e+04
3.42606e+04
3.41466e+04
3.40330e+04
3.39197e+04
3.38069e+04
3.36944e+04
3.35823e+04
3.34705e+04
3.33591e+04
3.32481e+04
3.31375e+04
3.30272e+04
3.29174e+04
3.28078e+04
3.26987e+04
3.25899e+04
3.24814e+04
3.23733e+04
3.22656e+04
3.21583e+04
3.20512e+04
3.19446e+04
3.18383e+04
3.17324e+04
3.16268e+04
3.15215e+04
3.14167e+04
3.13121e+04
3.12079e+04
3.11041e+04
3.10006e+04
3.08974e+04
3.07946e+04
3.06922e+04
3.05900e+04
3.04883e+04
3.03868e+04
3.02857e+04
3.01849e+04
3.00845e+04
2.99844e+04
2.98846e+04
2.97852e+04
2.96861e+04
2.95873e+04
2.94888e+04
2.93907e+04
2.92929e+04
2.91955e+04
2.90983e+04
2.90015e+04
2.89050e+04
2.88088e+04
2.87129e+04
2.86174e+04
2.85222e+04
2.84273e+04
2.83327e+04
2.82384e+04
2.81445e+04
2.80508e+04
2.79575e+04
2.78644e+04
2.77717e+04
2.76793e+04
2.75872e+04
2.74954e+04
2.74039e+04
2.73127e+04
2.72219e+04
2.71313e+04
2.70410e+04
2.69510e+04
2.68614e+04
2.67720e+04
2.66829e+04
2.65941e+04
2.65056e+04
2.64174e+04
2.63295e+04
2.62419e+04
2.61546e+04
2.60676e+04
2.59808e+04
2.58944e+04
2.58082e+04
2.57223e+04
2.56368e+04
2.55515e+04
2.54664e+04
2.53817e+04
2.52972e+04
2.52131e+04
2.51292e+04
2.50456e+04
2.49622e+04
2.48792e+04
2.47964e+04
2.47139e+04
2.46316e+04
2.45497e+04
2.44680e+04
2.43866e+04
2.43054e+04
2.42245e+04
2.41439e+04
2.40636e+04
2.39835e+04
2.39037e+04
2.38242e+04
2.37449e+04
2.36659e+04
2.35872e+04
2.35087e+04
2.34305e+04
2.33525e+04
2.32748e+04
2.31973e+04
2.31202e+04
2.30432e+04
2.29666e+04
2.28901e+04
2.28140e+04
2.27381e+04
2.26624e+04
2.25870e+04
2.25118e+04
2.24369e+04
2.23623e+04
2.22879e+04
2.22137e+04
2.21398e+04
2.20661e+04
2.19927e+04
2.19195e+04
2.18466e+04
2.17739e+04
2.17014e+04
2.16292e+04
2.15573e+04
2.14855e+04
2.14140e+04
2.13428e+04
2.12718e+04
2.12010e+04
2.11304e+04
2.10601e+04
2.09901e+04
2.09202e+04
2.08506e+04
2.07812e+04
2.07121e+04
2.06432e+04
2.05745e+04
2.05060e+04
2.04378e+04
2.03698e+04
2.03020e+04
2.02344e+04
2.01671e+04
2.01000e+04
2.00331e+04
1.99665e+04
1.99000e+04
1.98338e+04
1.97678e+04
1.97020e+04
1.96365e+04
1.95711e+04
1.95060e+04
1.94411e+04
1.93764e+04
1.93120e+04
1.92477e+04
1.91837e+04
1.91198e+04
1.90562e+04
1.89928e+04
1.89296e+04
1.88666e+04
1.88038e+04
1.87413e+04
1.86789e+04
1.86168e+04
1.85548e+04
1.84931e+04
1.84315e+04
1.83702e+04
1.83091e+04
1.82482e+04
1.81874e+04
1.81269e+04
1.80666e+04
1.80065e+04
1.79466e+04
1.78869e+04
1.78273e+04
1.77680e+04
1.77089e+04
1.76500e+04
1.75912e+04
1.75327e+04
1.74744e+04
1.74162e+04
1.73583e+04
1.73005e+04
1.72430e+04
1.71856e+04
1.71284e+04
1.70714e+04
1.70146e+04
1.69580e+04
1.69016e+04
1.68453e+04
1.67893e+04
1.67334e+04
1.66777e+04
1.66222e+04
1.65669e+04
1.65118e+04
1.64569e+04
1.64021e+04
1.63475e+04
1.62931e+04
1.62389e+04
1.61849e+04
1.61310e+04
1.60773e+04
1.60238e+04
1.59705e+04
1.59174e+04
1.58644e+04
1.58116e+04
1.57590e+04
1.57066e+04
1.56543e+04
1.56022e+04
1.55503e+04
1.54986e+04
1.54470e+04
1.53956e+04
1.53444e+04
1.52933e+04
1.52424e+04
1.51917e+04
1.51412e+04
1.50908e+04
1.50406e+04
1.49905e+04
1.49407e+04
1.48909e+04
1.48414e+04
1.47920e+04
1.47428e+04
1.46937e+04
1.46448e+04
1.45961e+04
1.45475e+04
1.44991e+04
1.44509e+04
1.44028e+04
1.43549e+04
1.43071e+04
1.42595e+04
1.42121e+04
1.41648e+04
1.41176e+04
1.40707e+04
1.40238e+04
1.39772e+04
1.39307e+04
1.38843e+04
1.38381e+04
1.37921e+04
1.37462e+04
1.37004e+04
1.36549e+04
1.36094e+04
1.35641e+04
1.35190e+04
1.34740e+04
1.34292e+04
1.33845e+04
1.33400e+04
1.32956e+04
1.32513e+04
1.32072e+04
1.31633e+04
1.31195e+04
1.30758e+04
1.30323e+04
1.29890e+04
1.29458e+04
1.29027e+04
1.28597e+04
1.28170e+04
1.27743e+04
1.27318e+04
1.26894e+04
1.26472e+04
1.26051e+04
1.25632e+04
1.25214e+04
1.24797e+04
1.24382e+04
1.23968e+04
1.23556e+04
1.23145e+04
1.22735e+04
1.22326e+04
1.21919e+04
1.21514e+04
1.21109e+04
1.20706e+04
1.20305e+04
1.19904e+04
1.19505e+04
1.19108e+04
1.18711e+04
1.18316e+04
1.17923e+04
1.17530e+04
1.17139e+04
1.16750e+04
1.16361e+04
1.15974e+04
1.15588e+04
1.15203e+04
1.14820e+04
1.14438e+04
1.14057e+04
1.13678e+04
1.13299e+04
1.12922e+04
1.12547e+04
1.12172e+04
1.11799e+04
1.11427e+04
1.11056e+04
1.10687e+04
1.10318e+04
1.09951e+04
1.09585e+04
1.09221e+04
1.08857e+04
1.08495e+04
1.08134e+04
1.07774e+04
1.07416e+04
1.07058e+04
1.06702e+04
1.06347e+04
1.05993e+04
1.05641e+04
1.05289e+04
1.04939e+04
1.04589e+04
1.04241e+04
1.03895e+04
1.03549e+04
1.03204e+04
1.02861e+04
1.02519e+04
1.02178e+04
1.01838e+04
1.01499e+04
1.01161e+04
1.00824e+04
1.00489e+04
1.00155e+04
9.98213e+03
9.94891e+03
9.91581e+03
9.88281e+03
9.84993e+03
9.81716e+03
9.78449e+03
9.75193e+03
9.71948e+03
9.68714e+03
9.65491e+03
9.62278e+03
9.59076e+03
9.55885e+03
9.52705e+03
9.49535e+03
9.46375e+03
9.43226e+03
9.40087e+03
9.36959e+03
9.33842e+03
9.30734e+03
9.27638e+03
9.24551e+03
9.21475e+03
9.18408e+03
9.15352e+03
9.12307e+03
9.09271e+03
9.06246e+03
9.03230e+03
9.00225e+03
8.97229e+03
8.94244e+03
8.91268e+03
8.88303e+03
8.85347e+03
8.82401e+03
8.79465e+03
8.76538e+03
8.73622e+03
8.70715e+03
8.67818e+03
8.64930e+03
8.62052e+03
8.59184e+03
8.56325e+03
8.53475e+03
8.50636e+03
8.47805e+03
8.44984e+03
8.42173e+03
8.39370e+03
8.36577e+03
8.33794e+03
8.31019e+03
8.28254e+03
8.25498e+03
8.22751e+03
8.20014e+03
8.17285e+03
8.14566e+03
8.11855e+03
8.09154e+03
8.06462e+03
8.03778e+03
8.01104e+03
7.98438e+03
7.95781e+03
7.93133e+03
7.90494e+03
7.87864e+03
7.85242e+03
7.82630e+03
7.80025e+03
7.77430e+03
7.74843e+03
7.72265e+03
7.69695e+03
7.67134e+03
7.64582e+03
7.62038e+03
7.59502e+03
7.56975e+03
7.54456e+03
7.51946e+03
7.49444e+03
7.46950e+03
7.44464e+03
7.41987e+03
7.39518e+03
7.37058e+03
7.34605e+03
7.32161e+03
7.29725e+03
7.27296e+03
7.24876e+03
7.22464e+03
7.20061e+03
7.17665e+03
7.15277e+03
7.12897e+03
7.10524e+03
7.08160e+03
7.05804e+03
7.03455e+03
7.01115e+03
6.98782e+03
6.96457e+03
6.94139e+03
6.91830e+03
6.89528e+03
6.87233e+03
6.84947e+03
6.82667e+03
6.80396e+03
6.78132e+03
6.75875e+03
6.73627e+03
6.71385e+03
6.69151e+03
6.66925e+03
6.64705e+03
6.62494e+03
6.60289e+03
6.58092e+03
6.55902e+03
6.53720e+03
6.51545e+03
6.49377e+03
6.47216e+03
6.45063e+03
6.42916e+03
6.40777e+03
6.38645e+03
6.36520e+03
6.34402e+03
6.32291e+03
6.30187e+03
6.28090e+03
6.26000e+03
6.23917e+03
6.21841e+03
6.19772e+03
6.17710e+03
6.15654e+03
6.13606e+03
6.11564e+03
6.09529e+03
6.07501e+03
6.05480e+03
6.03465e+03
6.01457e+03
5.99456e+03
5.97461e+03
5.95473e+03
5.93492e+03
5.91517e+03
5.89549e+03
5.87587e+03
5.85632e+03
5.83683e+03
5.81741e+03
5.79805e+03
5.77876e+03
5.75953e+03
5.74037e+03
5.72127e+03
5.70223e+03
5.68325e+03
5.66434e+03
5.64550e+03
5.62671e+03
5.60799e+03
5.58933e+03
5.57073e+03
5.55220e+03
5.53372e+03
5.51531e+03
5.49696e+03
5.47867e+03
5.46044e+03
5.44227e+03
5.42416e+03
5.40611e+03
5.38812e+03
5.37019e+03
5.35232e+03
5.33451e+03
5.31676e+03
5.29907e+03
5.28144e+03
5.26387e+03
5.24635e+03
5.22889e+03
5.21150e+03
5.19415e+03
5.17687e+03
5.15965e+03
5.14248e+03
5.12537e+03
5.10831e+03
5.09131e+03
5.07437e+03
5.05749e+03
5.04066e+03
5.02389e+03
5.00717e+03
4.99051e+03
4.97391e+03
4.95735e+03
4.94086e+03
4.92442e+03
4.90803e+03
4.89170e+03
4.87543e+03
4.85920e+03
4.84303e+03
4.82692e+03
4.81086e+03
4.79485e+03
4.77890e+03
4.76300e+03
4.74715e+03
4.73135e+03
4.71561e+03
4.69992e+03
4.68428e+03
4.66869e+03
4.65316e+03
4.63767e+03
4.62224e+03
4.60686e+03
4.59153e+03
4.57626e+03
4.56103e+03
4.54585e+03
4.53073e+03
4.51565e+03
4.50062e+03
4.48565e+03
4.47072e+03
4.45585e+03
4.44102e+03
4.42624e+03
4.41152e+03
4.39684e+03
4.38221e+03
4.36763e+03
4.35309e+03
4.33861e+03
4.32417e+03
4.30978e+03
4.29544e+03
4.28115e+03
4.26690e+03
4.25271e+03
4.23856e+03
4.22445e+03
4.21040e+03
4.19639e+03
4.18242e+03
4.16851e+03
4.15464e+03
4.14081e+03
4.12703e+03
4.11330e+03
4.09961e+03
4.08597e+03
4.07238e+03
4.05883e+03
4.04532e+03
4.03186e+03
4.01845e+03
4.00507e+03
3.99175e+03
3.97847e+03
3.96523e+03
3.95203e+03
3.93888e+03
3.92578e+03
3.91271e+03
3.89970e+03
3.88672e+03
3.87379e+03
3.86090e+03
3.84805e+03
3.83525e+03
3.82248e+03
3.80977e+03
3.79709e+03
3.78445e+03
3.77186e+03
3.75931e+03
3.74680e+03
3.73434e+03
3.72191e+03
3.70953e+03
3.69718e+03
3.68488e+03
3.67262e+03
3.66040e+03
3.64822e+03
3.63608e+03
3.62398e+03
3.61192e+03
3.59990e+03
3.58793e+03
3.57599e+03
3.56409e+03
3.55223e+03
3.54041e+03
3.52863e+03
3.51689e+03
3.50519e+03
3.49352e+03
3.48190e+03
3.47031e+03
3.45876e+03
3.44726e+03
3.43579e+03
3.42435e+03
3.41296e+03
3.40160e+03
3.39028e+03
3.37900e+03
3.36776e+03
3.35655e+03
3.34538e+03
3.33425e+03
3.32316e+03
3.31210e+03
3.30108e+03
3.29010e+03
3.27915e+03
3.26824e+03
3.25736e+03
3.24652e+03
3.23572e+03
3.22496e+03
3.21422e+03
3.20353e+03
3.19287e+03
3.18225e+03
3.17166e+03
3.16110e+03
3.15059e+03
3.14010e+03
3.12965e+03
3.11924e+03
3.10886e+03
3.09852e+03
3.08821e+03
3.07793e+03
3.06769e+03
3.05748e+03
3.04731e+03
3.03717e+03
3.02706e+03
3.01699e+03
3.00695e+03
2.99695e+03
2.98697e+03
2.97703e+03
2.96713e+03
2.95726e+03
2.94742e+03
2.93761e+03
2.92783e+03
2.91809e+03
2.90838e+03
2.89870e+03
2.88906e+03
2.87945e+03
2.86987e+03
2.86032e+03
2.85080e+03
2.84131e+03
2.83186e+03
2.82244e+03
2.81304e+03
2.80368e+03
2.79435e+03
2.78506e+03
2.77579e+03
2.76655e+03
2.75735e+03
2.74817e+03
2.73903e+03
2.72992e+03
2.72083e+03
2.71178e+03
2.70275e+03
2.69376e+03
2.68480e+03
2.67586e+03
2.66696e+03
2.65809e+03
2.64924e+03
2.64043e+03
2.63164e+03
2.62289e+03
2.61416e+03
2.60546e+03
2.59679e+03
2.58815e+03
2.57954e+03
2.57095e+03
2.56240e+03
2.55387e+03
2.54538e+03
2.53691e+03
2.52846e+03
2.52005e+03
2.51167e+03
2.50331e+03
2.49498e+03
2.48668e+03
2.47840e+03
2.47016e+03
2.46194e+03
2.45375e+03
2.44558e+03
2.43744e+03
2.42933e+03
2.42125e+03
2.41319e+03
2.40516e+03
2.39716e+03
2.38918e+03
2.38123e+03
2.37331e+03
2.36541e+03
2.35754e+03
2.34970e+03
2.34188e+03
2.33409e+03
2.32632e+03
2.31858e+03
2.31087e+03
2.30318e+03
2.29551e+03
2.28787e+03
2.28026e+03
2.27267e+03
2.26511e+03
2.25757e+03
2.25006e+03
2.24258e+03
2.23511e+03
2.22768e+03
2.22026e+03
2.21288e+03
2.20551e+03
2.19817e+03
2.19086e+03
2.18357e+03
2.17631e+03
2.16906e+03
2.16185e+03
2.15465e+03
2.14748e+03
2.14034e+03
2.13322e+03
2.12612e+03
2.11904e+03
2.11199e+03
2.10496e+03
2.09796e+03
2.09098e+03
2.08402e+03
2.07709e+03
2.07018e+03
2.06329e+03
2.05642e+03
2.04958e+03
2.04276e+03
2.03596e+03
2.02919e+03
2.02244e+03
2.01571e+03
2.00900e+03
2.00232e+03
1.99565e+03
1.98901e+03
1.98239e+03
1.97580e+03
1.96922e+03
1.96267e+03
1.95614e+03
1.94963e+03
1.94314e+03
1.93668e+03
1.93023e+03
1.92381e+03
1.91741e+03
1.91103e+03
1.90467e+03
1.89833e+03
1.89202e+03
1.88572e+03
1.87945e+03
1.87319e+03
1.86696e+03
1.86075e+03
1.85456e+03
1.84839e+03
1.84224e+03
1.83611e+03
1.83000e+03
1.82391e+03
1.81784e+03
1.81179e+03
1.80576e+03
1.79975e+03
1.79376e+03
1.78780e+03
1.78185e+03
1.77592e+03
1.77001e+03
1.76412e+03
1.75825e+03
1.75240e+03
1.74657e+03
1.74076e+03
1.73496e+03
1.72919e+03
1.72344e+03
1.71770e+03
1.71199e+03
1.70629e+03
1.70061e+03
1.69495e+03
1.68931e+03
1.68369e+03
1.67809e+03
1.67251e+03
1.66694e+03
1.66140e+03
1.65587e+03
1.65036e+03
1.64487e+03
1.63939e+03
1.63394e+03
1.62850e+03
1.62308e+03
1.61768e+03
1.61230e+03
1.60693e+03
1.60159e+03
1.59626e+03
1.59095e+03
1.58565e+03
1.58038e+03
1.57512e+03
1.56988e+03
1.56465e+03
1.55945e+03
1.55426e+03
1.54909e+03
1.54393e+03
1.53879e+03
1.53367e+03
1.52857e+03
1.52349e+03
1.51842e+03
1.51336e+03
1.50833e+03
1.50331e+03
1.49831e+03
1.49332e+03
1.48835e+03
1.48340e+03
1.47846e+03
1.47354e+03
1.46864e+03
1.46375e+03
1.45888e+03
1.45403e+03
1.44919e+03
1.44437e+03
1.43956e+03
1.43477e+03
1.43000e+03
1.42524e+03
1.42050e+03
1.41577e+03
1.41106e+03
1.40637e+03
1.40169e+03
1.39702e+03
1.39237e+03
1.38774e+03
1.38312e+03
1.37852e+03
1.37393e+03
1.36936e+03
1.36481e+03
1.36027e+03
1.35574e+03
1.35123e+03
1.34673e+03
1.34225e+03
1.33778e+03
1.33333e+03
1.32890e+03
1.32447e+03
1.32007e+03
1.31568e+03
1.31130e+03
1.30693e+03
1.30259e+03
1.29825e+03
1.29393e+03
1.28963e+03
1.28533e+03
1.28106e+03
1.27680e+03
1.27255e+03
1.26831e+03
1.26409e+03
1.25989e+03
1.25569e+03
1.25152e+03
1.24735e+03
1.24320e+03
1.23906e+03
1.23494e+03
1.23083e+03
1.22674e+03
1.22265e+03
1.21859e+03
1.21453e+03
1.21049e+03
1.20646e+03
1.20245e+03
1.19845e+03
1.19446e+03
1.19048e+03
1.18652e+03
1.18258e+03
1.17864e+03
1.17472e+03
1.17081e+03
1.16691e+03
1.16303e+03
1.15916e+03
1.15530e+03
1.15146e+03
1.14763e+03
1.14381e+03
1.14000e+03
1.13621e+03
1.13243e+03
1.12866e+03
1.12491e+03
1.12116e+03
1.11743e+03
1.11372e+03
1.11001e+03
1.10632e+03
1.10263e+03
1.09897e+03
1.09531e+03
1.09166e+03
1.08803e+03
1.08441e+03
1.08080e+03
1.07721e+03
1.07362e+03
1.07005e+03
1.06649e+03
1.06294e+03
1.05940e+03
1.05588e+03
1.05237e+03
1.04886e+03
1.04537e+03
1.04190e+03
1.03843e+03
1.03497e+03
1.03153e+03
1.02810e+03
1.02468e+03
1.02127e+03
1.01787e+03
1.01448e+03
1.01111e+03
1.00774e+03
1.00439e+03
1.00105e+03
9.97716e+02
9.94396e+02
9.91087e+02
9.87790e+02
9.84503e+02
9.81227e+02
9.77962e+02
9.74708e+02
9.71465e+02
9.68232e+02
9.65010e+02
9.61799e+02
9.58599e+02
9.55409e+02
9.52230e+02
9.49062e+02
9.45904e+02
9.42757e+02
9.39620e+02
9.36493e+02
9.33377e+02
9.30271e+02
9.27176e+02
9.24091e+02
9.21016e+02
9.17951e+02
9.14897e+02
9.11853e+02
9.08818e+02
9.05794e+02
9.02780e+02
8.99777e+02
8.96783e+02
8.93799e+02
8.90825e+02
8.87860e+02
8.84906e+02
8.81962e+02
8.79027e+02
8.76102e+02
8.73187e+02
8.70281e+02
8.67386e+02
8.64500e+02
8.61623e+02
8.58756e+02
8.55899e+02
8.53051e+02
8.50212e+02
8.47383e+02
8.44564e+02
8.41753e+02
8.38952e+02
8.36161e+02
8.33379e+02
8.30606e+02
8.27842e+02
8.25087e+02
8.22342e+02
8.19606e+02
8.16878e+02
8.14160e+02
8.11451e+02
8.08751e+02
8.06060e+02
8.03378e+02
8.00705e+02
7.98041e+02
7.95385e+02
7.92739e+02
7.90101e+02
7.87472e+02
7.84852e+02
7.82240e+02
7.79637e+02
7.77043e+02
7.74457e+02
7.71881e+02
7.69312e+02
7.66752e+02
7.64201e+02
7.61658e+02
7.59124e+02
7.56598e+02
7.54080e+02
7.51571e+02
7.49070e+02
7.46578e+02
7.44094e+02
7.41618e+02
7.39150e+02
7.36691e+02
7.34239e+02
7.31796e+02
7.29361e+02
7.26934e+02
7.24516e+02
7.22105e+02
7.19702e+02
7.17307e+02
7.14921e+02
7.12542e+02
7.10171e+02
7.07808e+02
7.05453e+02
7.03105e+02
7.00766e+02
6.98434e+02
6.96110e+02
6.93794e+02
6.91485e+02
6.89184e+02
6.86891e+02
6.84606e+02
6.82328e+02
6.80057e+02
6.77794e+02
6.75539e+02
6.73291e+02
6.71051e+02
6.68818e+02
6.66593e+02
6.64375e+02
6.62164e+02
6.59961e+02
6.57765e+02
6.55576e+02
6.53395e+02
6.51220e+02
6.49054e+02
6.46894e+02
6.44741e+02
6.42596e+02
6.40458e+02
6.38327e+02
6.36203e+02
6.34086e+02
6.31976e+02
6.29873e+02
6.27777e+02
6.25688e+02
6.23607e+02
6.21532e+02
6.19463e+02
6.17402e+02
6.15348e+02
6.13300e+02
6.11260e+02
6.09226e+02
6.07199e+02
6.05178e+02
6.03164e+02
6.01157e+02
5.99157e+02
5.97163e+02
5.95177e+02
5.93196e+02
5.91222e+02
5.89255e+02
5.87294e+02
5.85340e+02
5.83393e+02
5.81451e+02
5.79517e+02
5.77588e+02
5.75666e+02
5.73751e+02
5.71842e+02
5.69939e+02
5.68043e+02
5.66153e+02
5.64269e+02
5.62391e+02
5.60520e+02
5.58655e+02
5.56796e+02
5.54943e+02
5.53097e+02
5.51256e+02
5.49422e+02
5.47594e+02
5.45772e+02
5.43956e+02
5.42146e+02
5.40342e+02
5.38544e+02
5.36752e+02
5.34966e+02
5.33186e+02
5.31412e+02
5.29643e+02
5.27881e+02
5.26125e+02
5.24374e+02
5.22629e+02
5.20890e+02
5.19157e+02
5.17429e+02
5.15708e+02
5.13992e+02
5.12282e+02
5.10577e+02
5.08878e+02
5.07185e+02
5.05497e+02
5.03815e+02
5.02139e+02
5.00468e+02
4.98803e+02
4.97143e+02
4.95489e+02
4.93840e+02
4.92197e+02
4.90559e+02
4.88927e+02
4.87300e+02
4.85678e+02
4.84062e+02
4.82452e+02
4.80846e+02
4.79246e+02
4.77652e+02
4.76062e+02
4.74478e+02
4.72900e+02
4.71326e+02
4.69758e+02
4.68195e+02
4.66637e+02
4.65084e+02
4.63537e+02
4.61994e+02
4.60457e+02
4.58925e+02
4.57398e+02
4.55876e+02
4.54359e+02
4.52847e+02
4.51340e+02
4.49838e+02
4.48342e+02
4.46850e+02
4.45363e+02
4.43881e+02
4.42404e+02
4.40932e+02
4.39465e+02
4.38003e+02
4.36545e+02
4.35093e+02
4.33645e+02
4.32202e+02
4.30764e+02
4.29330e+02
4.27902e+02
4.26478e+02
4.25059e+02
4.23645e+02
4.22235e+02
4.20830e+02
4.19430e+02
4.18034e+02
4.16643e+02
4.15257e+02
4.13875e+02
4.12498e+02
4.11125e+02
4.09757e+02
4.08394e+02
4.07035e+02
4.05681e+02
4.04331e+02
4.02985e+02
4.01645e+02
4.00308e+02
3.98976e+02
3.97649e+02
3.96325e+02
3.95007e+02
3.93692e+02
3.92382e+02
3.91077e+02
3.89775e+02
3.88478e+02
3.87186e+02
3.85898e+02
3.84613e+02
3.83334e+02
3.82058e+02
3.80787e+02
3.79520e+02
3.78257e+02
3.76998e+02
3.75744e+02
3.74494e+02
3.73248e+02
3.72006e+02
3.70768e+02
3.69534e+02
3.68305e+02
3.67079e+02
3.65858e+02
3.64640e+02
3.63427e+02
3.62218e+02
3.61012e+02
3.59811e+02
3.58614e+02
3.57421e+02
3.56231e+02
3.55046e+02
3.53865e+02
3.52687e+02
3.51514e+02
3.50344e+02
3.49178e+02
3.48016e+02
3.46858e+02
3.45704e+02
3.44554e+02
3.43408e+02
3.42265e+02
3.41126e+02
3.39991e+02
3.38860e+02
3.37732e+02
3.36608e+02
3.35488e+02
3.34372e+02
3.33259e+02
3.32150e+02
3.31045e+02
3.29944e+02
3.28846e+02
3.27752e+02
3.26661e+02
3.25574e+02
3.24491e+02
3.23411e+02
3.22335e+02
3.21262e+02
3.20193e+02
3.19128e+02
3.18066e+02
3.17008e+02
3.15953e+02
3.14902e+02
3.13854e+02
3.12810e+02
3.11769e+02
3.10731e+02
3.09697e+02
3.08667e+02
3.07640e+02
3.06616e+02
3.05596e+02
3.04579e+02
3.03566e+02
3.02556e+02
3.01549e+02
3.00545e+02
2.99545e+02
2.98549e+02
2.97555e+02
2.96565e+02
2.95578e+02
2.94595e+02
2.93615e+02
2.92638e+02
2.91664e+02
2.90693e+02
2.89726e+02
2.88762e+02
2.87801e+02
2.86844e+02
2.85889e+02
2.84938e+02
2.83990e+02
2.83045e+02
2.82103e+02
2.81164e+02
2.80229e+02
2.79296e+02
2.78367e+02
2.77441e+02
2.76518e+02
2.75598e+02
2.74681e+02
2.73767e+02
2.72856e+02
2.71948e+02
2.71043e+02
2.70141e+02
2.69242e+02
2.68346e+02
2.67453e+02
2.66563e+02
2.65676e+02
2.64792e+02
2.63911e+02
2.63033e+02
2.62158e+02
2.61286e+02
2.60416e+02
2.59550e+02
2.58686e+02
2.57825e+02
2.56967e+02
2.56112e+02
2.55260e+02
2.54411e+02
2.53564e+02
2.52721e+02
2.51880e+02
2.51042e+02
2.50206e+02
2.49374e+02
2.48544e+02
2.47717e+02
2.46893e+02
2.46071e+02
2.45252e+02
2.44436e+02
2.43623e+02
2.42812e+02
2.42004e+02
2.41199e+02
2.40397e+02
2.39597e+02
2.38799e+02
2.38005e+02
2.37213e+02
2.36424e+02
2.35637e+02
2.34853e+02
2.34071e+02
2.33293e+02
2.32516e+02
2.31743e+02
2.30971e+02
2.30203e+02
2.29437e+02
2.28674e+02
2.27913e+02
2.27154e+02
2.26398e+02
2.25645e+02
2.24894e+02
2.24146e+02
2.23400e+02
2.22657e+02
2.21916e+02
2.21178e+02
2.20442e+02
2.19708e+02
2.18977e+02
2.18248e+02
2.17522e+02
2.16798e+02
2.16077e+02
2.15358e+02
2.14641e+02
2.13927e+02
2.13215e+02
2.12506e+02
2.11799e+02
2.11094e+02
2.10392e+02
2.09692e+02
2.08994e+02
2.08299e+02
2.07605e+02
2.06915e+02
2.06226e+02
2.05540e+02
2.04856e+02
2.04174e+02
2.03495e+02
2.02818e+02
2.02143e+02
2.01470e+02
2.00800e+02
2.00132e+02
1.99466e+02
1.98802e+02
1.98141e+02
1.97481e+02
1.96824e+02
1.96169e+02
1.95517e+02
1.94866e+02
1.94218e+02
1.93571e+02
1.92927e+02
1.92285e+02
1.91646e+02
1.91008e+02
1.90372e+02
1.89739e+02
1.89108e+02
1.88478e+02
1.87851e+02
1.87226e+02
1.86603e+02
1.85982e+02
1.85363e+02
1.84747e+02
1.84132e+02
1.83519e+02
1.82909e+02
1.82300e+02
1.81693e+02
1.81089e+02
1.80486e+02
1.79886e+02
1.79287e+02
1.78691e+02
1.78096e+02
1.77503e+02
1.76913e+02
1.76324e+02
1.75737e+02
1.75153e+02
1.74570e+02
1.73989e+02
1.73410e+02
1.72833e+02
1.72258e+02
1.71685e+02
1.71113e+02
1.70544e+02
1.69977e+02
1.69411e+02
1.68847e+02
1.68286e+02
1.67726e+02
1.67167e+02
1.66611e+02
1.66057e+02
1.65504e+02
1.64954e+02
1.64405e+02
1.63858e+02
1.63312e+02
1.62769e+02
1.62227e+02
1.61688e+02
1.61150e+02
1.60613e+02
1.60079e+02
1.59546e+02
1.59015e+02
1.58486e+02
1.57959e+02
1.57433e+02
1.56910e+02
1.56387e+02
1.55867e+02
1.55348e+02
1.54832e+02
1.54316e+02
1.53803e+02
1.53291e+02
1.52781e+02
1.52273e+02
1.51766e+02
1.51261e+02
1.50758e+02
1.50256e+02
1.49756e+02
1.49258e+02
1.48761e+02
1.48266e+02
1.47773e+02
1.47281e+02
1.46791e+02
1.46303e+02
1.45816e+02
1.45331e+02
1.44847e+02
1.44365e+02
1.43885e+02
1.43406e+02
1.42929e+02
1.42453e+02
1.41979e+02
1.41507e+02
1.41036e+02
1.40567e+02
1.40099e+02
1.39633e+02
1.39168e+02
1.38705e+02
1.38244e+02
1.37784e+02
1.37325e+02
1.36868e+02
1.36413e+02
1.35959e+02
1.35506e+02
1.35056e+02
1.34606e+02
1.34158e+02
1.33712e+02
1.33267e+02
1.32823e+02
1.32382e+02
1.31941e+02
1.31502e+02
1.31064e+02
1.30628e+02
1.30194e+02
1.29760e+02
1.29329e+02
1.28898e+02
1.28469e+02
1.28042e+02
1.27616e+02
1.27191e+02
1.26768e+02
1.26346e+02
1.25926e+02
1.25507e+02
1.25089e+02
1.24673e+02
1.24258e+02
1.23845e+02
1.23433e+02
1.23022e+02
1.22613e+02
1.22205e+02
1.21798e+02
1.21393e+02
1.20989e+02
1.20586e+02
1.20185e+02
1.19785e+02
1.19386e+02
1.18989e+02
1.18593e+02
1.18199e+02
1.17805e+02
1.17413e+02
1.17023e+02
1.16633e+02
1.16245e+02
1.15858e+02
1.15473e+02
1.15089e+02
1.14706e+02
1.14324e+02
1.13944e+02
1.13565e+02
1.13187e+02
1.12810e+02
1.12435e+02
1.12061e+02
1.11688e+02
1.11316e+02
1.10946e+02
1.10577e+02
1.10209e+02
1.09842e+02
1.09476e+02
1.09112e+02
1.08749e+02
1.08387e+02
1.08027e+02
1.07667e+02
1.07309e+02
1.06952e+02
1.06596e+02
1.06241e+02
1.05888e+02
1.05535e+02
1.05184e+02
1.04834e+02
1.04485e+02
1.04138e+02
1.03791e+02
1.03446e+02
1.03102e+02
1.02759e+02
1.02417e+02
1.02076e+02
1.01736e+02
1.01398e+02
1.01060e+02
1.00724e+02
1.00389e+02
1.00055e+02
9.97219e+01
9.93901e+01
9.90594e+01
9.87298e+01
9.84013e+01
9.80738e+01
9.77475e+01
9.74223e+01
9.70981e+01
9.67750e+01
9.64530e+01
9.61321e+01
9.58122e+01
9.54934e+01
9.51756e+01
9.48589e+01
9.45433e+01
9.42287e+01
9.39152e+01
9.36027e+01
9.32912e+01
9.29808e+01
9.26714e+01
9.23631e+01
9.20557e+01
9.17494e+01
9.14441e+01
9.11399e+01
9.08366e+01
9.05344e+01
9.02331e+01
8.99329e+01
8.96336e+01
8.93354e+01
8.90381e+01
8.87418e+01
8.84466e+01
8.81523e+01
8.78589e+01
8.75666e+01
8.72752e+01
8.69848e+01
8.66954e+01
8.64069e+01
8.61194e+01
8.58329e+01
8.55472e+01
8.52626e+01
8.49789e+01
8.46961e+01
8.44143e+01
8.41334e+01
8.38535e+01
8.35745e+01
8.32964e+01
8.30192e+01
8.27430e+01
8.24677e+01
8.21933e+01
8.19198e+01
8.16472e+01
8.13755e+01
8.11047e+01
8.08349e+01
8.05659e+01
8.02978e+01
8.00306e+01
7.97643e+01
7.94989e+01
7.92344e+01
7.89707e+01
7.87080e+01
7.84461e+01
7.81851e+01
7.79249e+01
7.76656e+01
7.74072e+01
7.71496e+01
7.68929e+01
7.66371e+01
7.63821e+01
7.61279e+01
7.58746e+01
7.56221e+01
7.53705e+01
7.51197e+01
7.48698e+01
7.46206e+01
7.43723e+01
7.41249e+01
7.38782e+01
7.36324e+01
7.33874e+01
7.31432e+01
7.28998e+01
7.26573e+01
7.24155e+01
7.21745e+01
7.19344e+01
7.16950e+01
7.14565e+01
7.12187e+01
7.09817e+01
7.07455e+01
7.05101e+01
7.02755e+01
7.00417e+01
6.98086e+01
6.95763e+01
6.93448e+01
6.91141e+01
6.88841e+01
6.86549e+01
6.84265e+01
6.81988e+01
6.79719e+01
6.77457e+01
6.75203e+01
6.72956e+01
6.70717e+01
6.68485e+01
6.66261e+01
6.64044e+01
6.61834e+01
6.59632e+01
6.57437e+01
6.55250e+01
6.53069e+01
6.50896e+01
6.48731e+01
6.46572e+01
6.44420e+01
6.42276e+01
6.40139e+01
6.38009e+01
6.35886e+01
6.33770e+01
6.31661e+01
6.29560e+01
6.27465e+01
6.25377e+01
6.23296e+01
6.21222e+01
6.19155e+01
6.17095e+01
6.15042e+01
6.12995e+01
6.10955e+01
6.08922e+01
6.06896e+01
6.04877e+01
6.02864e+01
6.00858e+01
5.98859e+01
5.96866e+01
5.94880e+01
5.92901e+01
5.90928e+01
5.88962e+01
5.87002e+01
5.85049e+01
5.83102e+01
5.81162e+01
5.79228e+01
5.77301e+01
5.75380e+01
5.73465e+01
5.71557e+01
5.69655e+01
5.67760e+01
5.65871e+01
5.63988e+01
5.62111e+01
5.60241e+01
5.58377e+01
5.56519e+01
5.54667e+01
5.52821e+01
5.50982e+01
5.49148e+01
5.47321e+01
5.45500e+01
5.43685e+01
5.41876e+01
5.40073e+01
5.38276e+01
5.36485e+01
5.34700e+01
5.32920e+01
5.31147e+01
5.29380e+01
5.27618e+01
5.25863e+01
5.24113e+01
5.22369e+01
5.20631e+01
5.18898e+01
5.17172e+01
5.15451e+01
5.13736e+01
5.12026e+01
5.10323e+01
5.08625e+01
5.06932e+01
5.05246e+01
5.03564e+01
5.01889e+01
5.00219e+01
4.98554e+01
4.96895e+01
4.95242e+01
4.93594e+01
4.91952e+01
4.90315e+01
4.88683e+01
4.87057e+01
4.85437e+01
4.83821e+01
4.82212e+01
4.80607e+01
4.79008e+01
4.77414e+01
4.75825e+01
4.74242e+01
4.72664e+01
4.71091e+01
4.69524e+01
4.67962e+01
4.66404e+01
4.64853e+01
4.63306e+01
4.61764e+01
4.60228e+01
4.58696e+01
4.57170e+01
4.55649e+01
4.54133e+01
4.52622e+01
4.51116e+01
4.49614e+01
4.48118e+01
4.46627e+01
4.45141e+01
4.43660e+01
4.42184e+01
4.40712e+01
4.39246e+01
4.37785e+01
4.36328e+01
4.34876e+01
4.33429e+01
4.31987e+01
4.30549e+01
4.29117e+01
4.27689e+01
4.26266e+01
4.24847e+01
4.23434e+01
4.22025e+01
4.20621e+01
4.19221e+01
4.17826e+01
4.16436e+01
4.15050e+01
4.13669e+01
4.12293e+01
4.10921e+01
4.09553e+01
4.08191e+01
4.06832e+01
4.05479e+01
4.04130e+01
4.02785e+01
4.01445e+01
4.00109e+01
3.98777e+01
3.97451e+01
3.96128e+01
3.94810e+01
3.93496e+01
3.92187e+01
3.90882e+01
3.89581e+01
3.88285e+01
3.86993e+01
3.85705e+01
3.84422e+01
3.83143e+01
3.81868e+01
3.80597e+01
3.79331e+01
3.78069e+01
3.76811e+01
3.75557e+01
3.74307e+01
3.73062e+01
3.71821e+01
3.70583e+01
3.69350e+01
3.68121e+01
3.66896e+01
3.65676e+01
3.64459e+01
3.63246e+01
3.62037e+01
3.60833e+01
3.59632e+01
3.58435e+01
3.57243e+01
3.56054e+01
3.54869e+01
3.53689e+01
3.52512e+01
3.51339e+01
3.50170e+01
3.49004e+01
3.47843e+01
3.46686e+01
3.45532e+01
3.44382e+01
3.43237e+01
3.42094e+01
3.40956e+01
3.39822e+01
3.38691e+01
3.37564e+01
3.36441e+01
3.35321e+01
3.34206e+01
3.33093e+01
3.31985e+01
3.30880e+01
3.29779e+01
3.28682e+01
3.27589e+01
3.26498e+01
3.25412e+01
3.24329e+01
3.23250e+01
3.22175e+01
3.21103e+01
3.20034e+01
3.18969e+01
3.17908e+01
3.16850e+01
3.15796e+01
3.14745e+01
3.13698e+01
3.12654e+01
3.11614e+01
3.10577e+01
3.09543e+01
3.08513e+01
3.07487e+01
3.06464e+01
3.05444e+01
3.04427e+01
3.03415e+01
3.02405e+01
3.01399e+01
3.00396e+01
2.99396e+01
2.98400e+01
2.97407e+01
2.96418e+01
2.95431e+01
2.94448e+01
2.93468e+01
2.92492e+01
2.91519e+01
2.90549e+01
2.89582e+01
2.88618e+01
2.87658e+01
2.86701e+01
2.85747e+01
2.84796e+01
2.83848e+01
2.82904e+01
2.81963e+01
2.81024e+01
2.80089e+01
2.79157e+01
2.78228e+01
2.77303e+01
2.76380e+01
2.75460e+01
2.74544e+01
2.73630e+01
2.72720e+01
2.71812e+01
2.70908e+01
2.70006e+01
2.69108e+01
2.68213e+01
2.67320e+01
2.66431e+01
2.65544e+01
2.64661e+01
2.63780e+01
2.62902e+01
2.62027e+01
2.61156e+01
2.60287e+01
2.59421e+01
2.58557e+01
2.57697e+01
2.56840e+01
2.55985e+01
2.55133e+01
2.54284e+01
2.53438e+01
2.52595e+01
2.51754e+01
2.50917e+01
2.50082e+01
2.49250e+01
2.48420e+01
2.47594e+01
2.46770e+01
2.45949e+01
2.45130e+01
2.44315e+01
2.43502e+01
2.42691e+01
2.41884e+01
2.41079e+01
2.40277e+01
2.39477e+01
2.38681e+01
2.37886e+01
2.37095e+01
2.36306e+01
2.35520e+01
2.34736e+01
2.33955e+01
2.33176e+01
2.32401e+01
2.31627e+01
2.30857e+01
2.30088e+01
2.29323e+01
2.28560e+01
2.27799e+01
2.27041e+01
2.26286e+01
2.25533e+01
2.24782e+01
2.24034e+01
2.23289e+01
2.22546e+01
2.21805e+01
2.21067e+01
2.20332e+01
2.19599e+01
2.18868e+01
2.18140e+01
2.17414e+01
2.16690e+01
2.15969e+01
2.15251e+01
2.14535e+01
2.13821e+01
2.13109e+01
2.12400e+01
2.11693e+01
2.10989e+01
2.10287e+01
2.09587e+01
2.08890e+01
2.08195e+01
2.07502e+01
2.06812e+01
2.06123e+01
2.05438e+01
2.04754e+01
2.04073e+01
2.03394e+01
2.02717e+01
2.02042e+01
2.01370e+01
2.00700e+01
2.00032e+01
1.99367e+01
1.98703e+01
1.98042e+01
1.97383e+01
1.96726e+01
1.96072e+01
1.95419e+01
1.94769e+01
1.94121e+01
1.93475e+01
1.92831e+01
1.92190e+01
1.91550e+01
1.90913e+01
1.90278e+01
1.89644e+01
1.89013e+01
1.88385e+01
1.87758e+01
1.87133e+01
1.86510e+01
1.85890e+01
1.85271e+01
1.84655e+01
1.84040e+01
1.83428e+01
1.82817e+01
1.82209e+01
1.81603e+01
1.80999e+01
1.80396e+01
1.79796e+01
1.79198e+01
1.78602e+01
1.78007e+01
1.77415e+01
1.76825e+01
1.76236e+01
1.75650e+01
1.75065e+01
1.74483e+01
1.73902e+01
1.73324e+01
1.72747e+01
1.72172e+01
1.71599e+01
1.71028e+01
1.70459e+01
1.69892e+01
1.69327e+01
1.68763e+01
1.68202e+01
1.67642e+01
1.67084e+01
1.66528e+01
1.65974e+01
1.65422e+01
1.64871e+01
1.64323e+01
1.63776e+01
1.63231e+01
1.62688e+01
1.62147e+01
1.61607e+01
1.61069e+01
1.60533e+01
1.59999e+01
1.59467e+01
1.58936e+01
1.58407e+01
1.57880e+01
1.57355e+01
1.56831e+01
1.56310e+01
1.55789e+01
1.55271e+01
1.54754e+01
1.54240e+01
1.53726e+01
1.53215e+01
1.52705e+01
1.52197e+01
1.51690e+01
1.51186e+01
1.50683e+01
1.50181e+01
1.49682e+01
1.49183e+01
1.48687e+01
1.48192e+01
1.47699e+01
1.47208e+01
1.46718e+01
1.46230e+01
1.45743e+01
1.45258e+01
1.44775e+01
1.44293e+01
1.43813e+01
1.43335e+01
1.42858e+01
1.42382e+01
1.41909e+01
1.41436e+01
1.40966e+01
1.40497e+01
1.40029e+01
1.39563e+01
1.39099e+01
1.38636e+01
1.38175e+01
1.37715e+01
1.37257e+01
1.36800e+01
1.36345e+01
1.35891e+01
1.35439e+01
1.34988e+01
1.34539e+01
1.34091e+01
1.33645e+01
1.33201e+01
1.32757e+01
1.32316e+01
1.31875e+01
1.31437e+01
1.30999e+01
1.30563e+01
1.30129e+01
1.29696e+01
1.29264e+01
1.28834e+01
1.28406e+01
1.27978e+01
1.27552e+01
1.27128e+01
1.26705e+01
1.26283e+01
1.25863e+01
1.25444e+01
1.25027e+01
1.24611e+01
1.24196e+01
1.23783e+01
1.23371e+01
1.22961e+01
1.22552e+01
1.22144e+01
1.21737e+01
1.21332e+01
1.20929e+01
1.20526e+01
1.20125e+01
1.19725e+01
1.19327e+01
1.18930e+01
1.18534e+01
1.18140e+01
1.17747e+01
1.17355e+01
1.16964e+01
1.16575e+01
1.16187e+01
1.15801e+01
1.15415e+01
1.15031e+01
1.14649e+01
1.14267e+01
1.13887e+01
1.13508e+01
1.13130e+01
1.12754e+01
1.12379e+01
1.12005e+01
1.11632e+01
1.11261e+01
1.10890e+01
1.10521e+01
1.10154e+01
1.09787e+01
1.09422e+01
1.09058e+01
1.08695e+01
1.08333e+01
1.07973e+01
1.07613e+01
1.07255e+01
1.06899e+01
1.06543e+01
1.06188e+01
1.05835e+01
1.05483e+01
1.05132e+01
1.04782e+01
1.04433e+01
1.04086e+01
1.03740e+01
1.03394e+01
1.03050e+01
1.02707e+01
1.02366e+01
1.02025e+01
1.01686e+01
1.01347e+01
1.01010e+01
1.00674e+01
1.00339e+01
1.00005e+01
9.96723e+00
9.93406e+00
9.90101e+00
9.86806e+00
9.83523e+00
9.80250e+00
9.76989e+00
9.73738e+00
9.70498e+00
9.67268e+00
9.64050e+00
9.60842e+00
9.57645e+00
9.54458e+00
9.51283e+00
9.48117e+00
9.44962e+00
9.41818e+00
9.38684e+00
9.35561e+00
9.32448e+00
9.29345e+00
9.26253e+00
9.23171e+00
9.20099e+00
9.17038e+00
9.13986e+00
9.10945e+00
9.07914e+00
9.04893e+00
9.01882e+00
8.98881e+00
8.95890e+00
8.92909e+00
8.89938e+00
8.86977e+00
8.84025e+00
8.81084e+00
8.78152e+00
8.75230e+00
8.72318e+00
8.69415e+00
8.66522e+00
8.63639e+00
8.60765e+00
8.57901e+00
8.55047e+00
8.52202e+00
8.49366e+00
8.46540e+00
8.43723e+00
8.40915e+00
8.38117e+00
8.35329e+00
8.32549e+00
8.29779e+00
8.27018e+00
8.24266e+00
8.21523e+00
8.18790e+00
8.16065e+00
8.13350e+00
8.10644e+00
8.07946e+00
8.05258e+00
8.02578e+00
7.99908e+00
7.97246e+00
7.94594e+00
7.91950e+00
7.89314e+00
7.86688e+00
7.84070e+00
7.81461e+00
7.78861e+00
7.76270e+00
7.73687e+00
7.71112e+00
7.68546e+00
7.65989e+00
7.63440e+00
7.60900e+00
7.58368e+00
7.55845e+00
7.53330e+00
7.50823e+00
7.48325e+00
7.45835e+00
7.43353e+00
7.40880e+00
7.38415e+00
7.35957e+00
7.33509e+00
7.31068e+00
7.28635e+00
7.26211e+00
7.23794e+00
7.21386e+00
7.18986e+00
7.16593e+00
7.14209e+00
7.11833e+00
7.09464e+00
7.07103e+00
7.04750e+00
7.02405e+00
7.00068e+00
6.97739e+00
6.95417e+00
6.93103e+00
6.90797e+00
6.88498e+00
6.86207e+00
6.83924e+00
6.81648e+00
6.79380e+00
6.77120e+00
6.74867e+00
6.72621e+00
6.70383e+00
6.68152e+00
6.65929e+00
6.63713e+00
6.61505e+00
6.59304e+00
6.57110e+00
6.54923e+00
6.52744e+00
6.50572e+00
6.48408e+00
6.46250e+00
6.44100e+00
6.41957e+00
6.39820e+00
6.37691e+00
6.35570e+00
6.33455e+00
6.31347e+00
6.29246e+00
6.27153e+00
6.25066e+00
6.22986e+00
6.20913e+00
6.18847e+00
6.16788e+00
6.14735e+00
6.12690e+00
6.10651e+00
6.08619e+00
6.06594e+00
6.04576e+00
6.02564e+00
6.00559e+00
5.98561e+00
5.96569e+00
5.94584e+00
5.92606e+00
5.90634e+00
5.88669e+00
5.86710e+00
5.84758e+00
5.82812e+00
5.80873e+00
5.78940e+00
5.77013e+00
5.75093e+00
5.73180e+00
5.71273e+00
5.69372e+00
5.67477e+00
5.65589e+00
5.63707e+00
5.61831e+00
5.59962e+00
5.58099e+00
5.56242e+00
5.54391e+00
5.52546e+00
5.50708e+00
5.48875e+00
5.47049e+00
5.45229e+00
5.43414e+00
5.41606e+00
5.39804e+00
5.38008e+00
5.36218e+00
5.34433e+00
5.32655e+00
5.30883e+00
5.29116e+00
5.27356e+00
5.25601e+00
5.23852e+00
5.22109e+00
5.20372e+00
5.18640e+00
5.16914e+00
5.15194e+00
5.13480e+00
5.11772e+00
5.10069e+00
5.08372e+00
5.06680e+00
5.04994e+00
5.03314e+00
5.01639e+00
4.99970e+00
4.98306e+00
4.96648e+00
4.94996e+00
4.93348e+00
4.91707e+00
4.90071e+00
4.88440e+00
4.86815e+00
4.85195e+00
4.83581e+00
4.81972e+00
4.80368e+00
4.78769e+00
4.77176e+00
4.75589e+00
4.74006e+00
4.72429e+00
4.70857e+00
4.69290e+00
4.67729e+00
4.66172e+00
4.64621e+00
4.63075e+00
4.61534e+00
4.59999e+00
4.58468e+00
4.56942e+00
4.55422e+00
4.53907e+00
4.52396e+00
4.50891e+00
4.49391e+00
4.47895e+00
4.46405e+00
4.44920e+00
4.43439e+00
4.41964e+00
4.40493e+00
4.39027e+00
4.37567e+00
4.36111e+00
4.34659e+00
4.33213e+00
4.31772e+00
4.30335e+00
4.28903e+00
4.27476e+00
4.26054e+00
4.24636e+00
4.23223e+00
4.21815e+00
4.20411e+00
4.19012e+00
4.17618e+00
4.16228e+00
4.14843e+00
4.13463e+00
4.12087e+00
4.10716e+00
4.09350e+00
4.07987e+00
4.06630e+00
4.05277e+00
4.03928e+00
4.02584e+00
4.01245e+00
3.99910e+00
3.98579e+00
3.97253e+00
3.95931e+00
3.94613e+00
3.93300e+00
3.91992e+00
3.90687e+00
3.89387e+00
3.88092e+00
3.86800e+00
3.85513e+00
3.84231e+00
3.82952e+00
3.81678e+00
3.80408e+00
3.79142e+00
3.77881e+00
3.76623e+00
3.75370e+00
3.74121e+00
3.72876e+00
3.71635e+00
3.70399e+00
3.69166e+00
3.67938e+00
3.66714e+00
3.65493e+00
3.64277e+00
3.63065e+00
3.61857e+00
3.60653e+00
3.59453e+00
3.58257e+00
3.57065e+00
3.55877e+00
3.54693e+00
3.53512e+00
3.52336e+00
3.51164e+00
3.49995e+00
3.48831e+00
3.47670e+00
3.46513e+00
3.45360e+00
3.44211e+00
3.43066e+00
3.41924e+00
3.40786e+00
3.39652e+00
3.38522e+00
3.37396e+00
3.36273e+00
3.35154e+00
3.34039e+00
3.32928e+00
3.31820e+00
3.30716e+00
3.29615e+00
3.28519e+00
3.27425e+00
3.26336e+00
3.25250e+00
3.24168e+00
3.23089e+00
3.22014e+00
3.20943e+00
3.19875e+00
3.18810e+00
3.17750e+00
3.16692e+00
3.15639e+00
3.14588e+00
3.13542e+00
3.12498e+00
3.11458e+00
3.10422e+00
3.09389e+00
3.08360e+00
3.07334e+00
3.06311e+00
3.05292e+00
3.04276e+00
3.03263e+00
3.02254e+00
3.01249e+00
3.00246e+00
2.99247e+00
2.98252e+00
2.97259e+00
2.96270e+00
2.95284e+00
2.94302e+00
2.93322e+00
2.92346e+00
2.91374e+00
2.90404e+00
2.89438e+00
2.88475e+00
2.87515e+00
2.86558e+00
2.85605e+00
2.84654e+00
2.83707e+00
2.82763e+00
2.81822e+00
2.80885e+00
2.79950e+00
2.79018e+00
2.78090e+00
2.77165e+00
2.76242e+00
2.75323e+00
2.74407e+00
2.73494e+00
2.72584e+00
2.71677e+00
2.70773e+00
2.69872e+00
2.68974e+00
2.68079e+00
2.67187e+00
2.66298e+00
2.65412e+00
2.64529e+00
2.63649e+00
2.62771e+00
2.61897e+00
2.61026e+00
2.60157e+00
2.59291e+00
2.58429e+00
2.57569e+00
2.56712e+00
2.55857e+00
2.55006e+00
2.54158e+00
2.53312e+00
2.52469e+00
2.51629e+00
2.50792e+00
2.49957e+00
2.49125e+00
2.48297e+00
2.47470e+00
2.46647e+00
2.45826e+00
2.45008e+00
2.44193e+00
2.43380e+00
2.42571e+00
2.41764e+00
2.40959e+00
2.40157e+00
2.39358e+00
2.38562e+00
2.37768e+00
2.36977e+00
2.36188e+00
2.35402e+00
2.34619e+00
2.33838e+00
2.33060e+00
2.32285e+00
2.31512e+00
2.30742e+00
2.29974e+00
2.29209e+00
2.28446e+00
2.27686e+00
2.26928e+00
2.26173e+00
2.25421e+00
2.24670e+00
2.23923e+00
2.23178e+00
2.22435e+00
2.21695e+00
2.20957e+00
2.20222e+00
2.19489e+00
2.18759e+00
2.18031e+00
2.17306e+00
2.16583e+00
2.15862e+00
2.15144e+00
2.14428e+00
2.13714e+00
2.13003e+00
2.12294e+00
2.11588e+00
2.10884e+00
2.10182e+00
2.09483e+00
2.08786e+00
2.08091e+00
2.07399e+00
2.06709e+00
2.06021e+00
2.05335e+00
2.04652e+00
2.03971e+00
2.03292e+00
2.02616e+00
2.01942e+00
2.01270e+00
2.00600e+00
1.99933e+00
1.99267e+00
1.98604e+00
1.97944e+00
1.97285e+00
1.96628e+00
1.95974e+00
1.95322e+00
1.94672e+00
1.94024e+00
1.93379e+00
1.92735e+00
1.92094e+00
1.91455e+00
1.90818e+00
1.90183e+00
1.89550e+00
1.88919e+00
1.88291e+00
1.87664e+00
1.87040e+00
1.86417e+00
1.85797e+00
1.85179e+00
1.84563e+00
1.83949e+00
1.83337e+00
1.82726e+00
1.82118e+00
1.81512e+00
1.80909e+00
1.80307e+00
1.79707e+00
1.79109e+00
1.78513e+00
1.77919e+00
1.77327e+00
1.76737e+00
1.76149e+00
1.75562e+00
1.74978e+00
1.74396e+00
1.73816e+00
1.73237e+00
1.72661e+00
1.72086e+00
1.71514e+00
1.70943e+00
1.70374e+00
1.69807e+00
1.69242e+00
1.68679e+00
1.68118e+00
1.67559e+00
1.67001e+00
1.66445e+00
1.65892e+00
1.65340e+00
1.64789e+00
1.64241e+00
1.63695e+00
1.63150e+00
1.62607e+00
1.62066e+00
1.61527e+00
1.60989e+00
1.60454e+00
1.59920e+00
1.59388e+00
1.58857e+00
1.58329e+00
1.57802e+00
1.57277e+00
1.56753e+00
1.56232e+00
1.55712e+00
1.55194e+00
1.54677e+00
1.54163e+00
1.53650e+00
1.53139e+00
1.52629e+00
1.52121e+00
1.51615e+00
1.51110e+00
1.50608e+00
1.50107e+00
1.49607e+00
1.49109e+00
1.48613e+00
1.48119e+00
1.47626e+00
1.47135e+00
1.46645e+00
1.46157e+00
1.45671e+00
1.45186e+00
1.44703e+00
1.44221e+00
1.43742e+00
1.43263e+00
1.42787e+00
1.42311e+00
1.41838e+00
1.41366e+00
1.40896e+00
1.40427e+00
1.39959e+00
1.39494e+00
1.39030e+00
1.38567e+00
1.38106e+00
1.37646e+00
1.37188e+00
1.36732e+00
1.36277e+00
1.35823e+00
1.35372e+00
1.34921e+00
1.34472e+00
1.34025e+00
1.33579e+00
1.33134e+00
1.32691e+00
1.32250e+00
1.31810e+00
1.31371e+00
1.30934e+00
1.30498e+00
1.30064e+00
1.29631e+00
1.29200e+00
1.28770e+00
1.28342e+00
1.27915e+00
1.27489e+00
1.27065e+00
1.26642e+00
1.26221e+00
1.25801e+00
1.25382e+00
1.24965e+00
1.24549e+00
1.24135e+00
1.23721e+00
1.23310e+00
1.22899e+00
1.22491e+00
1.22083e+00
1.21677e+00
1.21272e+00
1.20868e+00
1.20466e+00
1.20065e+00
1.19666e+00
1.19268e+00
1.18871e+00
1.18475e+00
1.18081e+00
1.17688e+00
1.17297e+00
1.16906e+00
1.16517e+00
1.16130e+00
1.15743e+00
1.15358e+00
1.14974e+00
1.14592e+00
1.14210e+00
1.13830e+00
1.13452e+00
1.13074e+00
1.12698e+00
1.12323e+00
1.11949e+00
1.11577e+00
1.11205e+00
1.10835e+00
1.10466e+00
1.10099e+00
1.09733e+00
1.09367e+00
1.09003e+00
1.08641e+00
1.08279e+00
1.07919e+00
1.07560e+00
1.07202e+00
1.06845e+00
1.06490e+00
1.06135e+00
1.05782e+00
1.05430e+00
1.05080e+00
1.04730e+00
1.04381e+00
1.04034e+00
1.03688e+00
1.03343e+00
1.02999e+00
1.02656e+00
1.02315e+00
1.01974e+00
1.01635e+00
1.01297e+00
1.00960e+00
1.00624e+00
1.00289e+00
9.99553e-01
9.96227e-01
9.92912e-01
9.89608e-01
9.86315e-01
9.83033e-01
9.79762e-01
9.76502e-01
9.73253e-01
9.70014e-01
9.66787e-01
9.63570e-01
9.60364e-01
9.57168e-01
9.53983e-01
9.50809e-01
9.47645e-01
9.44492e-01
9.41349e-01
9.38217e-01
9.35095e-01
9.31984e-01
9.28883e-01
9.25792e-01
9.22711e-01
9.19641e-01
9.16581e-01
9.13531e-01
9.10492e-01
9.07462e-01
9.04442e-01
9.01433e-01
8.98434e-01
8.95444e-01
8.92465e-01
8.89495e-01
8.86535e-01
8.83585e-01
8.80645e-01
8.77715e-01
8.74794e-01
8.71884e-01
8.68983e-01
8.66091e-01
8.63209e-01
8.60337e-01
8.57474e-01
8.54621e-01
8.51777e-01
8.48943e-01
8.46118e-01
8.43303e-01
8.40497e-01
8.37700e-01
8.34913e-01
8.32135e-01
8.29366e-01
8.26606e-01
8.23856e-01
8.21114e-01
8.18382e-01
8.15659e-01
8.12945e-01
8.10240e-01
8.07544e-01
8.04857e-01
8.02179e-01
7.99510e-01
7.96849e-01
7.94198e-01
7.91555e-01
7.88921e-01
7.86296e-01
7.83680e-01
7.81072e-01
7.78473e-01
7.75883e-01
7.73301e-01
7.70728e-01
7.68164e-01
7.65608e-01
7.63060e-01
7.60521e-01
7.57991e-01
7.55469e-01
7.52955e-01
7.50449e-01
7.47952e-01
7.45464e-01
7.42983e-01
7.40511e-01
7.38047e-01
7.35591e-01
7.33144e-01
7.30704e-01
7.28273e-01
7.25849e-01
7.23434e-01
7.21027e-01
7.18628e-01
7.16237e-01
7.13853e-01
7.11478e-01
7.09111e-01
7.06751e-01
7.04400e-01
7.02056e-01
6.99720e-01
6.97391e-01
6.95071e-01
6.92758e-01
6.90453e-01
6.88156e-01
6.85866e-01
6.83584e-01
6.81309e-01
6.79042e-01
6.76783e-01
6.74531e-01
6.72286e-01
6.70049e-01
6.67820e-01
6.65598e-01
6.63383e-01
6.61176e-01
6.58976e-01
6.56783e-01
6.54597e-01
6.52419e-01
6.50248e-01
6.48085e-01
6.45928e-01
6.43779e-01
6.41637e-01
6.39502e-01
6.37374e-01
6.35253e-01
6.33139e-01
6.31033e-01
6.28933e-01
6.26840e-01
6.24755e-01
6.22676e-01
6.20604e-01
6.18539e-01
6.16481e-01
6.14429e-01
6.12385e-01
6.10347e-01
6.08316e-01
6.06292e-01
6.04275e-01
6.02264e-01
6.00260e-01
5.98263e-01
5.96272e-01
5.94288e-01
5.92311e-01
5.90340e-01
5.88376e-01
5.86418e-01
5.84466e-01
5.82522e-01
5.80583e-01
5.78652e-01
5.76726e-01
5.74807e-01
5.72895e-01
5.70988e-01
5.69088e-01
5.67195e-01
5.65307e-01
5.63426e-01
5.61552e-01
5.59683e-01
5.57821e-01
5.55965e-01
5.54115e-01
5.52271e-01
5.50433e-01
5.48602e-01
5.46776e-01
5.44957e-01
5.43144e-01
5.41336e-01
5.39535e-01
5.37740e-01
5.35951e-01
5.34167e-01
5.32390e-01
5.30618e-01
5.28853e-01
5.27093e-01
5.25339e-01
5.23591e-01
5.21849e-01
5.20113e-01
5.18382e-01
5.16657e-01
5.14938e-01
5.13225e-01
5.11517e-01
5.09815e-01
5.08118e-01
5.06428e-01
5.04743e-01
5.03063e-01
5.01389e-01
4.99721e-01
4.98058e-01
4.96401e-01
4.94749e-01
4.93103e-01
4.91462e-01
4.89827e-01
4.88197e-01
4.86573e-01
4.84954e-01
4.83340e-01
4.81732e-01
4.80129e-01
4.78531e-01
4.76939e-01
4.75352e-01
4.73770e-01
4.72194e-01
4.70623e-01
4.69057e-01
4.67496e-01
4.65940e-01
4.64390e-01
4.62845e-01
4.61305e-01
4.59770e-01
4.58240e-01
4.56715e-01
4.55195e-01
4.53681e-01
4.52171e-01
4.50667e-01
4.49167e-01
4.47672e-01
4.46183e-01
4.44698e-01
4.43218e-01
4.41744e-01
4.40274e-01
4.38809e-01
4.37349e-01
4.35893e-01
4.34443e-01
4.32998e-01
4.31557e-01
4.30121e-01
4.28690e-01
4.27263e-01
4.25841e-01
4.24425e-01
4.23012e-01
4.21605e-01
4.20202e-01
4.18804e-01
4.17410e-01
4.16021e-01
4.14637e-01
4.13257e-01
4.11882e-01
4.10512e-01
4.09146e-01
4.07784e-01
4.06427e-01
4.05075e-01
4.03727e-01
4.02384e-01
4.01045e-01
3.99711e-01
3.98381e-01
3.97055e-01
3.95734e-01
3.94417e-01
3.93105e-01
3.91797e-01
3.90493e-01
3.89194e-01
3.87899e-01
3.86608e-01
3.85321e-01
3.84039e-01
3.82762e-01
3.81488e-01
3.80219e-01
3.78953e-01
3.77692e-01
3.76436e-01
3.75183e-01
3.73935e-01
3.72691e-01
3.71450e-01
3.70214e-01
3.68983e-01
3.67755e-01
3.66531e-01
3.65312e-01
3.64096e-01
3.62885e-01
3.61677e-01
3.60474e-01
3.59275e-01
3.58080e-01
3.56888e-01
3.55701e-01
3.54518e-01
3.53338e-01
3.52163e-01
3.50991e-01
3.49823e-01
3.48660e-01
3.47500e-01
3.46343e-01
3.45191e-01
3.44043e-01
3.42898e-01
3.41757e-01
3.40620e-01
3.39487e-01
3.38358e-01
3.37232e-01
3.36110e-01
3.34992e-01
3.33877e-01
3.32767e-01
3.31660e-01
3.30556e-01
3.29456e-01
3.28360e-01
3.27268e-01
3.26179e-01
3.25094e-01
3.24012e-01
3.22934e-01
3.21860e-01
3.20789e-01
3.19722e-01
3.18658e-01
3.17598e-01
3.16542e-01
3.15489e-01
3.14439e-01
3.13393e-01
3.12350e-01
3.11311e-01
3.10275e-01
3.09243e-01
3.08214e-01
3.07189e-01
3.06167e-01
3.05148e-01
3.04133e-01
3.03121e-01
3.02113e-01
3.01108e-01
3.00106e-01
2.99108e-01
2.98112e-01
2.97121e-01
2.96132e-01
2.95147e-01
2.94165e-01
2.93186e-01
2.92211e-01
2.91239e-01
2.90270e-01
2.89304e-01
2.88342e-01
2.87382e-01
2.86426e-01
2.85473e-01
2.84524e-01
2.83577e-01
2.82634e-01
2.81693e-01
2.80756e-01
2.79822e-01
2.78891e-01
2.77963e-01
2.77039e-01
2.76117e-01
2.75198e-01
2.74283e-01
2.73370e-01
2.72461e-01
2.71554e-01
2.70651e-01
2.69750e-01
2.68853e-01
2.67959e-01
2.67067e-01
2.66179e-01
2.65293e-01
2.64410e-01
2.63531e-01
2.62654e-01
2.61780e-01
2.60909e-01
2.60041e-01
2.59176e-01
2.58314e-01
2.57454e-01
2.56598e-01
2.55744e-01
2.54893e-01
2.54045e-01
2.53200e-01
2.52358e-01
2.51518e-01
2.50681e-01
2.49847e-01
2.49016e-01
2.48188e-01
2.47362e-01
2.46539e-01
2.45719e-01
2.44901e-01
2.44087e-01
2.43275e-01
2.42465e-01
2.41659e-01
2.40855e-01
2.40053e-01
2.39255e-01
2.38459e-01
2.37665e-01
2.36875e-01
2.36087e-01
2.35301e-01
2.34518e-01
2.33738e-01
2.32961e-01
2.32186e-01
2.31413e-01
2.30643e-01
2.29876e-01
2.29111e-01
2.28349e-01
2.27589e-01
2.26832e-01
2.26077e-01
2.25325e-01
2.24576e-01
2.23828e-01
2.23084e-01
2.22342e-01
2.21602e-01
2.20865e-01
2.20130e-01
2.19397e-01
2.18668e-01
2.17940e-01
2.17215e-01
2.16492e-01
2.15772e-01
2.15054e-01
2.14339e-01
2.13626e-01
2.12915e-01
2.12207e-01
2.11501e-01
2.10797e-01
2.10096e-01
2.09397e-01
2.08700e-01
2.08006e-01
2.07314e-01
2.06624e-01
2.05937e-01
2.05251e-01
2.04569e-01
2.03888e-01
2.03210e-01
2.02534e-01
2.01860e-01
2.01188e-01
2.00519e-01
1.99852e-01
1.99187e-01
1.98524e-01
1.97864e-01
1.97206e-01
1.96549e-01
1.95896e-01
1.95244e-01
1.94594e-01
1.93947e-01
1.93302e-01
1.92659e-01
1.92018e-01
1.91379e-01
1.90742e-01
1.90107e-01
1.89475e-01
1.88845e-01
1.88216e-01
1.87590e-01
1.86966e-01
1.86344e-01
1.85724e-01
1.85106e-01
1.84490e-01
1.83877e-01
1.83265e-01
1.82655e-01
1.82048e-01
1.81442e-01
1.80838e-01
1.80237e-01
1.79637e-01
1.79039e-01
1.78444e-01
1.77850e-01
1.77258e-01
1.76669e-01
1.76081e-01
1.75495e-01
1.74911e-01
1.74329e-01
1.73749e-01
1.73171e-01
1.72595e-01
1.72021e-01
1.71449e-01
1.70878e-01
1.70310e-01
1.69743e-01
1.69178e-01
1.68616e-01
1.68055e-01
1.67495e-01
1.66938e-01
1.66383e-01
1.65829e-01
1.65278e-01
1.64728e-01
1.64180e-01
1.63633e-01
1.63089e-01
1.62547e-01
1.62006e-01
1.61467e-01
1.60930e-01
1.60394e-01
1.59861e-01
1.59329e-01
1.58799e-01
1.58270e-01
1.57744e-01
1.57219e-01
1.56696e-01
1.56175e-01
1.55655e-01
1.55137e-01
1.54621e-01
1.54107e-01
1.53594e-01
1.53083e-01
1.52574e-01
1.52066e-01
1.51560e-01
1.51056e-01
1.50553e-01
1.50053e-01
1.49553e-01
1.49056e-01
1.48560e-01
1.48066e-01
1.47573e-01
1.47082e-01
1.46593e-01
1.46105e-01
1.45619e-01
1.45134e-01
1.44652e-01
1.44170e-01
1.43691e-01
1.43213e-01
1.42736e-01
1.42261e-01
1.41788e-01
1.41316e-01
1.40846e-01
1.40378e-01
1.39911e-01
1.39445e-01
1.38981e-01
1.38519e-01
1.38058e-01
1.37599e-01
1.37141e-01
1.36685e-01
1.36230e-01
1.35777e-01
1.35325e-01
1.34875e-01
1.34426e-01
1.33979e-01
1.33533e-01
1.33089e-01
1.32646e-01
1.32205e-01
1.31765e-01
1.31327e-01
1.30890e-01
1.30454e-01
1.30020e-01
1.29588e-01
1.29157e-01
1.28727e-01
1.28299e-01
1.27872e-01
1.27446e-01
1.27022e-01
1.26600e-01
1.26179e-01
1.25759e-01
1.25340e-01
1.24923e-01
1.24508e-01
1.24094e-01
1.23681e-01
1.23269e-01
1.22859e-01
1.22450e-01
1.22043e-01
1.21637e-01
1.21232e-01
1.20829e-01
1.20427e-01
1.20026e-01
1.19627e-01
1.19229e-01
1.18832e-01
1.18437e-01
1.18043e-01
1.17650e-01
1.17259e-01
1.16869e-01
1.16480e-01
1.16092e-01
1.15706e-01
1.15321e-01
1.14938e-01
1.14555e-01
1.14174e-01
1.13794e-01
1.13416e-01
1.13038e-01
1.12662e-01
1.12287e-01
1.11914e-01
1.11542e-01
1.11170e-01
1.10801e-01
1.10432e-01
1.10065e-01
1.09698e-01
1.09333e-01
1.08970e-01
1.08607e-01
1.08246e-01
1.07886e-01
1.07527e-01
1.07169e-01
1.06813e-01
1.06457e-01
1.06103e-01
1.05750e-01
1.05398e-01
1.05048e-01
1.04698e-01
1.04350e-01
1.04003e-01
1.03657e-01
1.03312e-01
1.02968e-01
1.02625e-01
1.02284e-01
1.01944e-01
1.01605e-01
1.01267e-01
1.00930e-01
1.00594e-01
1.00259e-01
9.99256e-02
9.95932e-02
9.92618e-02
9.89316e-02
9.86025e-02
9.82744e-02
9.79475e-02
9.76216e-02
9.72968e-02
9.69731e-02
9.66505e-02
9.63290e-02
9.60085e-02
9.56891e-02
9.53707e-02
9.50534e-02
9.47372e-02
9.44220e-02
9.41079e-02
9.37948e-02
9.34828e-02
9.31718e-02
9.28618e-02
9.25528e-02
9.22449e-02
9.19380e-02
9.16322e-02
9.13273e-02
9.11553e-02
9.09837e-02
9.06817e-02
9.03806e-02
9.00806e-02
8.97816e-02
8.94836e-02
8.91866e-02
8.88905e-02
8.85955e-02
8.83014e-02
8.80083e-02
8.77161e-02
8.74250e-02
8.71348e-02
8.68455e-02
8.65573e-02
8.62699e-02
8.59836e-02
8.56981e-02
8.54137e-02
8.51302e-02
8.48476e-02
8.45659e-02
8.42852e-02
8.40054e-02
8.37266e-02
8.34487e-02
8.31717e-02
8.28956e-02
8.26204e-02
8.23462e-02
8.20728e-02
8.18004e-02
8.15289e-02
8.12583e-02
8.09885e-02
8.07197e-02
8.04517e-02
8.01847e-02
7.99185e-02
7.96532e-02
7.93888e-02
7.91253e-02
7.88627e-02
7.86009e-02
7.83400e-02
7.80799e-02
7.78208e-02
7.75624e-02
7.73050e-02
7.70484e-02
7.67926e-02
7.65377e-02
7.62837e-02
7.60304e-02
7.57781e-02
7.55265e-02
7.52758e-02
7.50259e-02
7.47769e-02
7.45287e-02
7.42813e-02
7.40347e-02
7.37890e-02
7.35440e-02
7.32999e-02
7.30566e-02
7.28141e-02
7.25724e-02
7.23315e-02
7.20914e-02
7.18521e-02
7.16136e-02
7.13759e-02
7.11390e-02
7.09028e-02
7.06675e-02
7.04329e-02
7.01991e-02
6.99661e-02
6.97338e-02
6.95023e-02
6.92716e-02
6.90417e-02
6.88125e-02
6.85841e-02
6.83564e-02
6.81295e-02
6.79034e-02
6.76780e-02
6.74533e-02
6.72294e-02
6.70063e-02
6.67839e-02
6.65622e-02
6.63412e-02
6.61210e-02
6.59015e-02
6.56828e-02
6.54647e-02
6.52474e-02
6.50309e-02
6.48150e-02
6.45998e-02
6.43854e-02
6.41717e-02
6.39587e-02
6.37464e-02
6.35348e-02
6.33239e-02
6.31137e-02
6.29042e-02
6.26954e-02
6.24873e-02
6.22798e-02
6.20731e-02
6.18671e-02
6.16617e-02
6.14570e-02
6.12530e-02
6.10497e-02
6.08470e-02
6.06451e-02
6.04438e-02
6.02431e-02
6.00432e-02
5.98438e-02
5.96452e-02
5.94472e-02
5.92499e-02
5.90532e-02
5.88572e-02
5.86618e-02
5.84671e-02
5.82730e-02
5.80796e-02
5.78868e-02
5.76946e-02
5.75031e-02
5.73123e-02
5.71220e-02
5.69324e-02
5.67434e-02
5.65551e-02
5.63673e-02
5.61802e-02
5.59937e-02
5.58079e-02
5.56226e-02
5.54380e-02
5.52540e-02
5.50706e-02
5.48878e-02
5.47056e-02
5.45240e-02
5.43430e-02
5.41626e-02
5.39828e-02
5.38036e-02
5.36250e-02
5.34470e-02
5.32696e-02
5.30928e-02
5.29165e-02
5.27409e-02
5.25658e-02
5.23913e-02
5.22174e-02
5.20441e-02
5.18713e-02
5.16992e-02
5.15276e-02
5.13565e-02
5.11860e-02
5.10161e-02
5.08468e-02
5.06780e-02
5.05098e-02
5.03421e-02
5.01749e-02
5.00083e-02
4.98422e-02
4.96767e-02
4.95117e-02
4.93473e-02
4.91834e-02
4.90201e-02
4.88573e-02
4.86950e-02
4.85333e-02
4.83721e-02
4.82115e-02
4.80514e-02
4.78918e-02
4.77328e-02
4.75742e-02
4.74163e-02
4.72588e-02
4.71018e-02
4.69454e-02
4.67895e-02
4.66341e-02
4.64793e-02
4.63249e-02
4.61711e-02
4.60177e-02
4.58649e-02
4.57126e-02
4.55608e-02
4.54095e-02
4.52587e-02
4.51084e-02
4.49586e-02
4.48093e-02
4.46605e-02
4.45122e-02
4.43643e-02
4.42170e-02
4.40702e-02
4.39238e-02
4.37779e-02
4.36326e-02
4.34877e-02
4.33432e-02
4.31993e-02
4.30558e-02
4.29128e-02
4.27703e-02
4.26283e-02
4.24867e-02
4.23456e-02
4.22050e-02
4.20649e-02
4.19252e-02
4.17859e-02
4.16472e-02
4.15089e-02
4.13710e-02
4.12336e-02
4.10967e-02
4.09602e-02
4.08242e-02
4.06886e-02
4.05535e-02
4.04188e-02
4.02846e-02
4.01508e-02
4.00174e-02
3.98846e-02
3.97521e-02
3.96201e-02
3.94885e-02
3.93574e-02
3.92267e-02
3.90964e-02
3.89666e-02
3.88372e-02
3.87082e-02
3.85796e-02
3.84515e-02
3.83238e-02
3.81966e-02
3.80697e-02
3.79433e-02
3.78173e-02
3.76917e-02
3.75665e-02
3.74418e-02
3.73174e-02
3.71935e-02
3.70700e-02
3.69469e-02
3.68242e-02
3.67019e-02
3.65800e-02
3.64585e-02
3.63374e-02
3.62168e-02
3.60965e-02
3.59766e-02
3.58571e-02
3.57381e-02
3.56194e-02
3.55011e-02
3.53832e-02
3.52657e-02
3.51486e-02
3.50318e-02
3.49155e-02
3.47995e-02
3.46840e-02
3.45688e-02
3.44540e-02
3.43396e-02
3.42255e-02
3.41119e-02
3.39986e-02
3.38857e-02
3.37732e-02
3.36610e-02
3.35492e-02
3.34378e-02
3.33268e-02
3.32161e-02
3.31058e-02
3.29958e-02
3.28862e-02
3.27770e-02
3.26682e-02
3.25597e-02
3.24516e-02
3.23438e-02
3.22364e-02
3.21293e-02
3.20226e-02
3.19163e-02
3.18103e-02
3.17047e-02
3.15994e-02
3.14944e-02
3.13898e-02
3.12856e-02
3.11817e-02
3.10781e-02
3.09749e-02
3.08721e-02
3.07695e-02
3.06674e-02
3.05655e-02
3.04640e-02
3.03628e-02
3.02620e-02
3.01615e-02
3.00613e-02
2.99615e-02
2.98620e-02
2.97628e-02
2.96640e-02
2.95655e-02
2.94673e-02
2.93694e-02
2.92719e-02
2.91747e-02
2.90778e-02
2.89813e-02
2.88850e-02
2.87891e-02
2.86935e-02
2.85982e-02
2.85032e-02
2.84086e-02
2.83142e-02
2.82202e-02
2.81265e-02
2.80331e-02
2.79400e-02
2.78472e-02
2.77547e-02
2.76625e-02
2.75707e-02
2.74791e-02
2.73878e-02
2.72969e-02
2.72062e-02
2.71159e-02
2.70258e-02
2.69361e-02
2.68466e-02
2.67575e-02
2.66686e-02
2.65801e-02
2.64918e-02
2.64038e-02
2.63161e-02
2.62287e-02
2.61416e-02
2.60548e-02
2.59683e-02
2.58820e-02
2.57961e-02
2.57104e-02
2.56250e-02
2.55399e-02
2.54551e-02
2.53706e-02
2.52863e-02
2.52024e-02
2.51187e-02
2.50352e-02
2.49527e-02
2.48710e-02
2.47896e-02
2.47085e-02
2.46276e-02
2.45470e-02
2.44666e-02
2.43865e-02
2.43067e-02
2.42271e-02
2.41478e-02
2.40688e-02
2.39900e-02
2.39114e-02
2.38332e-02
2.37552e-02
2.36774e-02
2.36024e-02
2.35300e-02
2.34579e-02
2.33860e-02
2.33143e-02
2.32429e-02
2.31717e-02
2.31006e-02
2.30298e-02
2.29593e-02
2.28889e-02
2.28188e-02
2.27458e-02
2.26701e-02
2.25947e-02
2.25195e-02
2.24446e-02
2.23699e-02
2.22955e-02
2.22213e-02
2.21473e-02
2.20736e-02
2.20002e-02
2.19270e-02
2.18540e-02
2.17813e-02
2.17088e-02
2.16366e-02
2.15646e-02
2.14928e-02
2.14213e-02
2.13500e-02
2.12790e-02
2.12082e-02
2.11376e-02
2.10673e-02
2.09972e-02
2.09273e-02
2.08577e-02
2.07883e-02
2.07191e-02
2.06502e-02
2.05814e-02
2.05130e-02
2.04447e-02
2.03767e-02
2.03089e-02
2.02413e-02
2.01739e-02
2.01068e-02
2.00399e-02
1.99732e-02
1.99068e-02
1.98405e-02
1.97745e-02
1.97087e-02
1.96431e-02
1.95778e-02
1.95126e-02
1.94477e-02
1.93830e-02
1.93185e-02
1.92542e-02
1.91901e-02
1.91263e-02
1.90626e-02
1.89992e-02
1.89360e-02
1.88730e-02
1.88102e-02
1.87476e-02
1.86852e-02
1.86230e-02
1.85611e-02
1.84993e-02
1.84377e-02
1.83764e-02
1.83152e-02
1.82543e-02
1.81936e-02
1.81330e-02
1.80727e-02
1.80125e-02
1.79526e-02
1.78929e-02
1.78333e-02
1.77740e-02
1.77148e-02
1.76559e-02
1.75972e-02
1.75386e-02
1.74802e-02
1.74221e-02
1.73641e-02
1.73063e-02
1.72487e-02
1.71913e-02
1.71341e-02
1.70771e-02
1.70203e-02
1.69637e-02
1.69072e-02
1.68510e-02
1.67949e-02
1.67390e-02
1.66833e-02
1.66278e-02
1.65725e-02
1.65173e-02
1.64624e-02
1.64076e-02
1.63530e-02
1.62986e-02
1.62443e-02
1.61903e-02
1.61364e-02
1.60827e-02
1.60292e-02
1.59759e-02
1.59227e-02
1.58697e-02
1.58169e-02
1.57643e-02
1.57118e-02
1.56595e-02
1.56074e-02
1.55555e-02
1.55037e-02
1.54522e-02
1.54007e-02
1.53495e-02
1.52984e-02
1.52475e-02
1.51968e-02
1.51462e-02
1.50958e-02
1.50456e-02
1.49955e-02
1.49456e-02
1.48959e-02
1.48463e-02
1.47969e-02
1.47477e-02
1.46986e-02
1.46497e-02
1.46010e-02
1.45524e-02
1.45039e-02
1.44557e-02
1.44076e-02
1.43596e-02
1.43119e-02
1.42642e-02
1.42168e-02
1.41695e-02
1.41223e-02
1.40753e-02
1.40285e-02
1.39818e-02
1.39353e-02
1.38889e-02
1.38427e-02
1.37966e-02
1.37507e-02
1.37050e-02
1.36594e-02
1.36139e-02
1.35686e-02
1.35235e-02
1.34785e-02
1.34336e-02
1.33889e-02
1.33444e-02
1.33000e-02
1.32557e-02
1.32116e-02
1.31676e-02
1.31238e-02
1.30802e-02
1.30366e-02
1.29933e-02
1.29500e-02
1.29069e-02
1.28640e-02
1.28212e-02
1.27785e-02
1.27360e-02
1.26936e-02
1.26514e-02
1.26093e-02
1.25673e-02
1.25255e-02
1.24838e-02
1.24423e-02
1.24009e-02
1.23596e-02
1.23185e-02
1.22775e-02
1.22366e-02
1.21959e-02
1.21553e-02
1.21149e-02
1.20746e-02
1.20344e-02
1.19944e-02
1.19545e-02
1.19147e-02
1.18750e-02
1.18355e-02
1.17961e-02
1.17569e-02
1.17178e-02
1.16788e-02
1.16399e-02
1.16012e-02
1.15626e-02
1.15241e-02
1.14858e-02
1.14475e-02
1.14094e-02
1.13715e-02
1.13336e-02
1.12959e-02
1.12583e-02
1.12209e-02
1.11835e-02
1.11463e-02
1.11092e-02
1.10723e-02
1.10354e-02
1.09987e-02
1.09621e-02
1.09256e-02
1.08893e-02
1.08530e-02
1.08169e-02
1.07809e-02
1.07451e-02
1.07093e-02
1.06737e-02
1.06382e-02
1.06028e-02
1.05675e-02
1.05323e-02
1.04973e-02
1.04623e-02
1.04275e-02
1.03928e-02
1.03583e-02
1.03238e-02
1.02894e-02
1.02552e-02
1.02211e-02
1.01871e-02
1.01532e-02
1.01194e-02
1.00857e-02
1.00521e-02
1.00187e-02
9.98536e-03
9.95213e-03
9.91902e-03
9.88601e-03
9.85312e-03
9.82033e-03
9.78765e-03
9.75508e-03
9.72262e-03
9.69027e-03
9.65803e-03
9.62589e-03
9.59386e-03
9.56194e-03
9.53012e-03
9.49841e-03
9.46680e-03
9.43530e-03
9.40391e-03
9.37262e-03
9.34143e-03
9.31034e-03
9.27936e-03
9.24849e-03
9.21771e-03
9.18704e-03
9.15647e-03
9.12600e-03
9.09564e-03
9.06537e-03
9.03521e-03
9.00514e-03
8.97518e-03
8.94531e-03
8.91555e-03
8.88588e-03
8.85631e-03
8.82684e-03
8.79747e-03
8.76820e-03
8.73902e-03
8.70994e-03
8.68096e-03
8.65207e-03
8.62328e-03
8.59459e-03
8.56599e-03
8.53749e-03
8.50908e-03
8.48077e-03
8.45255e-03
8.42442e-03
8.39639e-03
8.36845e-03
8.34060e-03
8.31285e-03
8.28519e-03
8.25762e-03
8.23014e-03
8.20276e-03
8.17546e-03
8.14826e-03
8.12115e-03
8.09412e-03
8.06719e-03
8.04035e-03
8.01359e-03
7.98693e-03
7.96035e-03
7.93386e-03
7.90746e-03
7.88115e-03
7.85493e-03
7.82879e-03
7.80274e-03
7.77678e-03
7.75090e-03
7.72511e-03
7.69940e-03
7.67378e-03
7.64825e-03
7.62280e-03
7.59743e-03
7.57215e-03
7.54696e-03
7.52184e-03
7.49682e-03
7.47187e-03
7.44701e-03
7.42223e-03
7.39753e-03
7.37291e-03
7.34838e-03
7.32393e-03
7.29956e-03
7.27527e-03
7.25106e-03
7.22693e-03
7.20289e-03
7.17892e-03
7.15503e-03
7.13122e-03
7.10749e-03
7.08384e-03
7.06027e-03
7.03678e-03
7.01336e-03
6.99003e-03
6.96677e-03
6.94359e-03
6.92048e-03
6.89745e-03
6.87450e-03
6.85163e-03
6.82883e-03
6.80611e-03
6.78346e-03
6.76089e-03
6.73839e-03
6.71597e-03
6.69362e-03
6.67135e-03
6.64915e-03
6.62702e-03
6.60497e-03
6.58299e-03
6.56109e-03
6.53926e-03
6.51750e-03
6.49581e-03
6.47420e-03
6.45265e-03
6.43118e-03
6.40978e-03
6.38845e-03
6.36720e-03
6.34601e-03
6.32489e-03
6.30385e-03
6.28287e-03
6.26196e-03
6.24113e-03
6.22036e-03
6.19966e-03
6.17903e-03
6.15847e-03
6.13798e-03
6.11756e-03
6.09720e-03
6.07691e-03
6.05669e-03
6.03654e-03
6.01645e-03
5.99643e-03
5.97648e-03
5.95659e-03
5.93677e-03
5.91702e-03
5.89733e-03
5.87770e-03
5.85815e-03
5.83865e-03
5.81923e-03
5.79986e-03
5.78056e-03
5.76133e-03
5.74216e-03
5.72305e-03
5.70401e-03
5.68503e-03
5.66611e-03
5.64726e-03
5.62846e-03
5.60974e-03
5.59107e-03
5.57247e-03
5.55392e-03
5.53544e-03
5.51702e-03
5.49867e-03
5.48037e-03
5.46213e-03
5.44396e-03
5.42584e-03
5.40779e-03
5.38979e-03
5.37186e-03
5.35398e-03
5.33617e-03
5.31841e-03
5.30072e-03
5.28308e-03
5.26550e-03
5.24798e-03
5.23051e-03
5.21311e-03
5.19576e-03
5.17848e-03
5.16124e-03
5.14407e-03
5.12695e-03
5.10989e-03
5.09289e-03
5.07594e-03
5.05905e-03
5.04222e-03
5.02544e-03
5.00872e-03
4.99205e-03
4.97544e-03
4.95889e-03
4.94239e-03
4.92594e-03
4.90955e-03
4.89321e-03
4.87693e-03
4.86070e-03
4.84453e-03
4.82841e-03
4.81234e-03
4.79633e-03
4.78037e-03
4.76446e-03
4.74861e-03
4.73281e-03
4.71706e-03
4.70136e-03
4.68572e-03
4.67013e-03
4.65459e-03
4.63910e-03
4.62366e-03
4.60828e-03
4.59294e-03
4.57766e-03
4.56243e-03
4.54725e-03
4.53212e-03
4.51704e-03
4.50201e-03
4.48702e-03
4.47209e-03
4.45721e-03
4.44238e-03
4.42760e-03
4.41287e-03
4.39818e-03
4.38355e-03
4.36896e-03
4.35442e-03
4.33994e-03
4.32549e-03
4.31110e-03
4.29676e-03
4.28246e-03
4.26821e-03
4.25401e-03
4.23985e-03
4.22574e-03
4.21168e-03
4.19767e-03
4.18370e-03
4.16978e-03
4.15590e-03
4.14207e-03
4.12829e-03
4.11456e-03
4.10086e-03
4.08722e-03
4.07362e-03
4.06006e-03
4.04655e-03
4.03309e-03
4.01967e-03
4.00629e-03
3.99296e-03
3.97968e-03
3.96643e-03
3.95324e-03
3.94008e-03
3.92697e-03
3.91390e-03
3.90088e-03
3.88790e-03
3.87496e-03
3.86207e-03
3.84922e-03
3.83641e-03
3.82364e-03
3.81092e-03
3.79824e-03
3.78560e-03
3.77300e-03
3.76045e-03
3.74794e-03
3.73547e-03
3.72304e-03
3.71065e-03
3.69830e-03
3.68599e-03
3.67373e-03
3.66151e-03
3.64932e-03
3.63718e-03
3.62508e-03
3.61301e-03
3.60099e-03
3.58901e-03
3.57707e-03
3.56516e-03
3.55330e-03
3.54148e-03
3.52969e-03
3.51795e-03
3.50624e-03
3.49457e-03
3.48295e-03
3.47136e-03
3.45981e-03
3.44829e-03
3.43682e-03
3.42538e-03
3.41399e-03
3.40263e-03
3.39130e-03
3.38002e-03
3.36877e-03
3.35756e-03
3.34639e-03
3.33526e-03
3.32416e-03
3.31310e-03
3.30207e-03
3.29108e-03
3.28013e-03
3.26922e-03
3.25834e-03
3.24750e-03
3.23669e-03
3.22592e-03
3.21519e-03
3.20449e-03
3.19383e-03
3.18320e-03
3.17261e-03
3.16205e-03
3.15153e-03
3.14104e-03
3.13059e-03
3.12017e-03
3.10979e-03
3.09944e-03
3.08913e-03
3.07885e-03
3.06861e-03
3.05839e-03
3.04822e-03
3.03807e-03
3.02797e-03
3.01789e-03
3.00785e-03
2.99784e-03
2.98786e-03
2.97792e-03
2.96801e-03
2.95814e-03
2.94829e-03
2.93848e-03
2.92871e-03
2.91896e-03
2.90925e-03
2.89957e-03
2.88992e-03
2.88030e-03
2.87072e-03
2.86117e-03
2.85165e-03
2.84216e-03
2.83270e-03
2.82327e-03
2.81388e-03
2.80452e-03
2.79518e-03
2.78588e-03
2.77661e-03
2.76737e-03
2.75817e-03
2.74899e-03
2.73984e-03
2.73072e-03
2.72164e-03
2.71258e-03
2.70355e-03
2.69456e-03
2.68559e-03
2.67666e-03
2.66775e-03
2.65887e-03
2.65003e-03
2.64121e-03
2.63242e-03
2.62366e-03
2.61493e-03
2.60623e-03
2.59756e-03
2.58891e-03
2.58030e-03
2.57171e-03
2.56315e-03
2.55463e-03
2.54613e-03
2.53765e-03
2.52921e-03
2.52079e-03
2.51241e-03
2.50405e-03
2.49571e-03
2.48741e-03
2.47913e-03
2.47088e-03
2.46266e-03
2.45447e-03
2.44630e-03
2.43816e-03
2.43005e-03
2.42196e-03
2.41390e-03
2.40587e-03
2.39786e-03
2.38988e-03
2.38193e-03
2.37401e-03
2.36611e-03
2.35823e-03
2.35039e-03
2.34257e-03
2.33477e-03
2.32700e-03
2.31926e-03
2.31154e-03
2.30385e-03
2.29618e-03
2.28854e-03
2.28093e-03
2.27334e-03
2.26577e-03
2.25823e-03
2.25072e-03
2.24323e-03
2.23577e-03
2.22833e-03
2.22091e-03
2.21352e-03
2.20616e-03
2.19882e-03
2.19150e-03
2.18421e-03
2.17694e-03
2.16970e-03
2.16248e-03
2.15528e-03
2.14811e-03
2.14096e-03
2.13384e-03
2.12674e-03
2.11966e-03
2.11261e-03
2.10558e-03
2.09857e-03
2.09159e-03
2.08463e-03
2.07769e-03
2.07078e-03
2.06389e-03
2.05702e-03
2.05017e-03
2.04335e-03
2.03655e-03
2.02978e-03
2.02302e-03
2.01629e-03
2.00958e-03
2.00290e-03
1.99623e-03
1.98959e-03
1.98297e-03
1.97637e-03
1.96979e-03
1.96324e-03
1.95671e-03
1.95020e-03
1.94371e-03
1.93724e-03
1.93079e-03
1.92437e-03
1.91796e-03
1.91158e-03
1.90522e-03
1.89888e-03
1.89256e-03
1.88627e-03
1.87999e-03
1.87373e-03
1.86750e-03
1.86128e-03
1.85509e-03
1.84892e-03
1.84277e-03
1.83663e-03
1.83052e-03
1.82443e-03
1.81836e-03
1.81231e-03
1.80628e-03
1.80027e-03
1.79428e-03
1.78831e-03
1.78236e-03
1.77643e-03
1.77052e-03
1.76462e-03
1.75875e-03
1.75290e-03
1.74707e-03
1.74125e-03
1.73546e-03
1.72969e-03
1.72393e-03
1.71819e-03
1.71248e-03
1.70678e-03
1.70110e-03
1.69544e-03
1.68980e-03
1.68417e-03
1.67857e-03
1.67299e-03
1.66742e-03
1.66187e-03
1.65634e-03
1.65083e-03
1.64534e-03
1.63986e-03
1.63440e-03
1.62897e-03
1.62355e-03
1.61814e-03
1.61276e-03
1.60739e-03
1.60204e-03
1.59671e-03
1.59140e-03
1.58610e-03
1.58083e-03
1.57557e-03
1.57032e-03
1.56510e-03
1.55989e-03
1.55470e-03
1.54953e-03
1.54437e-03
1.53923e-03
1.53411e-03
1.52901e-03
1.52392e-03
1.51885e-03
1.51379e-03
1.50876e-03
1.50374e-03
1.49873e-03
1.49374e-03
1.48877e-03
1.48382e-03
1.47888e-03
1.47396e-03
1.46906e-03
1.46417e-03
1.45930e-03
1.45444e-03
1.44960e-03
1.44478e-03
1.43997e-03
1.43518e-03
1.43040e-03
1.42564e-03
1.42090e-03
1.41617e-03
1.41146e-03
1.40676e-03
1.40208e-03
1.39742e-03
1.39277e-03
1.38813e-03
1.38351e-03
1.37891e-03
1.37432e-03
1.36975e-03
1.36519e-03
1.36065e-03
1.35612e-03
1.35161e-03
1.34711e-03
1.34263e-03
1.33816e-03
1.33371e-03
1.32927e-03
1.32485e-03
1.32044e-03
1.31604e-03
1.31167e-03
1.30730e-03
1.30295e-03
1.29861e-03
1.29429e-03
1.28999e-03
1.28569e-03
1.28142e-03
1.27715e-03
1.27290e-03
1.26867e-03
1.26445e-03
1.26024e-03
1.25604e-03
1.25187e-03
1.24770e-03
1.24355e-03
1.23941e-03
1.23529e-03
1.23118e-03
1.22708e-03
1.22300e-03
1.21893e-03
1.21487e-03
1.21083e-03
1.20680e-03
1.20278e-03
1.19878e-03
1.19479e-03
1.19082e-03
1.18685e-03
1.18290e-03
1.17897e-03
1.17505e-03
1.17114e-03
1.16724e-03
1.16335e-03
1.15948e-03
1.15563e-03
1.15178e-03
1.14795e-03
1.14413e-03
1.14032e-03
1.13653e-03
1.13274e-03
1.12898e-03
1.12522e-03
1.12147e-03
1.11774e-03
1.11402e-03
1.11032e-03
1.10662e-03
1.10294e-03
1.09927e-03
1.09561e-03
1.09197e-03
1.08833e-03
1.08471e-03
1.08110e-03
1.07750e-03
1.07392e-03
1.07035e-03
1.06678e-03
1.06323e-03
1.05970e-03
1.05617e-03
1.05266e-03
1.04915e-03
1.04566e-03
1.04218e-03
1.03872e-03
1.03526e-03
1.03181e-03
1.02838e-03
1.02496e-03
1.02155e-03
1.01815e-03
1.01476e-03
1.01138e-03
1.00802e-03
1.00466e-03
1.00132e-03
9.97990e-04
9.94669e-04
9.91359e-04
9.88061e-04
9.84773e-04
9.81496e-04
9.78230e-04
9.74975e-04
9.71731e-04
9.68497e-04
9.65275e-04
9.62063e-04
9.58862e-04
9.55671e-04
9.52491e-04
9.49322e-04
9.46163e-04
9.43014e-04
9.39877e-04
9.36749e-04
9.33632e-04
9.30525e-04
9.27429e-04
9.24343e-04
9.21267e-04
9.18202e-04
9.15147e-04
9.12101e-04
9.09066e-04
9.06041e-04
9.03027e-04
9.00022e-04
8.97027e-04
8.94042e-04
8.91067e-04
8.88102e-04
8.85147e-04
8.82202e-04
8.79266e-04
8.76340e-04
8.73424e-04
8.70518e-04
8.67621e-04
8.64734e-04
8.61857e-04
8.58989e-04
8.56131e-04
8.53282e-04
8.50443e-04
8.47613e-04
8.44793e-04
8.41982e-04
8.39180e-04
8.36387e-04
8.33604e-04
8.30831e-04
8.28066e-04
8.25311e-04
8.22564e-04
8.19827e-04
8.17099e-04
8.14380e-04
8.11671e-04
8.08970e-04
8.06278e-04
8.03595e-04
8.00921e-04
7.98256e-04
7.95600e-04
7.92953e-04
7.90314e-04
7.87684e-04
7.85063e-04
7.82451e-04
7.79847e-04
7.77252e-04
7.74666e-04
7.72088e-04
7.69519e-04
7.66959e-04
7.64407e-04
7.61863e-04
7.59328e-04
7.56801e-04
7.54283e-04
7.51773e-04
7.49272e-04
7.46778e-04
7.44294e-04
7.41817e-04
7.39349e-04
7.36888e-04
7.34436e-04
7.31993e-04
7.29557e-04
7.27129e-04
7.24710e-04
7.22298e-04
7.19895e-04
7.17499e-04
7.15112e-04
7.12732e-04
7.10361e-04
7.07997e-04
7.05641e-04
7.03293e-04
7.00953e-04
6.98621e-04
6.96296e-04
6.93979e-04
6.91670e-04
6.89368e-04
6.87074e-04
6.84788e-04
6.82510e-04
6.80238e-04
6.77975e-04
6.75719e-04
6.73471e-04
6.71230e-04
6.68996e-04
6.66770e-04
6.64551e-04
6.62340e-04
6.60136e-04
6.57940e-04
6.55750e-04
6.53568e-04
6.51393e-04
6.49226e-04
6.47066e-04
6.44913e-04
6.42767e-04
6.40628e-04
6.38496e-04
6.36372e-04
6.34254e-04
6.32144e-04
6.30040e-04
6.27944e-04
6.25854e-04
6.23772e-04
6.21696e-04
6.19627e-04
6.17566e-04
6.15511e-04
6.13463e-04
6.11421e-04
6.09387e-04
6.07359e-04
6.05338e-04
6.03324e-04
6.01316e-04
5.99315e-04
5.97321e-04
5.95334e-04
5.93353e-04
5.91378e-04
5.89410e-04
5.87449e-04
5.85494e-04
5.83546e-04
5.81604e-04
5.79669e-04
5.77740e-04
5.75818e-04
5.73902e-04
5.71992e-04
5.70089e-04
5.68192e-04
5.66301e-04
5.64417e-04
5.62539e-04
5.60667e-04
5.58801e-04
5.56942e-04
5.55089e-04
5.53242e-04
5.51401e-04
5.49566e-04
5.47737e-04
5.45915e-04
5.44098e-04
5.42288e-04
5.40483e-04
5.38685e-04
5.36892e-04
5.35106e-04
5.33325e-04
5.31551e-04
5.29782e-04
5.28019e-04
5.26262e-04
5.24511e-04
5.22766e-04
5.21026e-04
5.19292e-04
5.17564e-04
5.15842e-04
5.14126e-04
5.12415e-04
5.10710e-04
5.09011e-04
5.07317e-04
5.05629e-04
5.03946e-04
5.02269e-04
5.00598e-04
4.98932e-04
4.97272e-04
4.95617e-04
4.93968e-04
4.92325e-04
4.90686e-04
4.89054e-04
4.87426e-04
4.85804e-04
4.84188e-04
4.82577e-04
4.80971e-04
4.79371e-04
4.77776e-04
4.76186e-04
4.74601e-04
4.73022e-04
4.71448e-04
4.69879e-04
4.68316e-04
4.66757e-04
4.65204e-04
4.63656e-04
4.62114e-04
4.60576e-04
4.59043e-04
4.57516e-04
4.55993e-04
4.54476e-04
4.52964e-04
4.51457e-04
4.49954e-04
4.48457e-04
4.46965e-04
4.45478e-04
4.43995e-04
4.42518e-04
4.41045e-04
4.39578e-04
4.38115e-04
4.36657e-04
4.35204e-04
4.33756e-04
4.32313e-04
4.30874e-04
4.29441e-04
4.28012e-04
4.26588e-04
4.25168e-04
4.23753e-04
4.22343e-04
4.20938e-04
4.19537e-04
4.18141e-04
4.16750e-04
4.15363e-04
4.13981e-04
4.12604e-04
4.11231e-04
4.09862e-04
4.08498e-04
4.07139e-04
4.05784e-04
4.04434e-04
4.03088e-04
4.01747e-04
4.00410e-04
3.99078e-04
3.97750e-04
3.96427e-04
3.95107e-04
3.93793e-04
3.92482e-04
3.91176e-04
3.89875e-04
3.88577e-04
3.87284e-04
3.85996e-04
3.84711e-04
3.83431e-04
3.82155e-04
3.80884e-04
3.79616e-04
3.78353e-04
3.77094e-04
3.75839e-04
3.74589e-04
3.73342e-04
3.72100e-04
3.70862e-04
3.69628e-04
3.68398e-04
3.67172e-04
3.65950e-04
3.64733e-04
3.63519e-04
3.62309e-04
3.61104e-04
3.59902e-04
3.58705e-04
3.57511e-04
3.56321e-04
3.55136e-04
3.53954e-04
3.52776e-04
3.51602e-04
3.50432e-04
3.49266e-04
3.48104e-04
3.46946e-04
3.45791e-04
3.44641e-04
3.43494e-04
3.42351e-04
3.41212e-04
3.40077e-04
3.38945e-04
3.37817e-04
3.36693e-04
3.35573e-04
3.34456e-04
3.33343e-04
3.32234e-04
3.31128e-04
3.30027e-04
3.28928e-04
3.27834e-04
3.26743e-04
3.25656e-04
3.24572e-04
3.23492e-04
3.22416e-04
3.21343e-04
3.20274e-04
3.19208e-04
3.18146e-04
3.17087e-04
3.16032e-04
3.14981e-04
3.13932e-04
3.12888e-04
3.11847e-04
3.10809e-04
3.09775e-04
3.08744e-04
3.07717e-04
3.06693e-04
3.05672e-04
3.04655e-04
3.03641e-04
3.02631e-04
3.01624e-04
3.00620e-04
2.99620e-04
2.98623e-04
2.97629e-04
2.96639e-04
2.95652e-04
2.94668e-04
2.93688e-04
2.92710e-04
2.91736e-04
2.90766e-04
2.89798e-04
2.88834e-04
2.87873e-04
2.86915e-04
2.85960e-04
2.85009e-04
2.84060e-04
2.83115e-04
2.82173e-04
2.81234e-04
2.80298e-04
2.79366e-04
2.78436e-04
2.77510e-04
2.76586e-04
2.75666e-04
2.74748e-04
2.73834e-04
2.72923e-04
2.72015e-04
2.71110e-04
2.70208e-04
2.69309e-04
2.68412e-04
2.67519e-04
2.66629e-04
2.65742e-04
2.64858e-04
2.63976e-04
2.63098e-04
2.62223e-04
2.61350e-04
2.60480e-04
2.59614e-04
2.58750e-04
2.57889e-04
2.57031e-04
2.56175e-04
2.55323e-04
2.54473e-04
2.53627e-04
2.52783e-04
2.51942e-04
2.51103e-04
2.50268e-04
2.49435e-04
2.48605e-04
2.47778e-04
2.46953e-04
2.46131e-04
2.45312e-04
2.44496e-04
2.43683e-04
2.42872e-04
2.42064e-04
2.41258e-04
2.40455e-04
2.39655e-04
2.38858e-04
2.38063e-04
2.37271e-04
2.36481e-04
2.35694e-04
2.34910e-04
2.34128e-04
2.33349e-04
2.32573e-04
2.31799e-04
2.31028e-04
2.30259e-04
2.29493e-04
2.28729e-04
2.27968e-04
2.27210e-04
2.26454e-04
2.25700e-04
2.24949e-04
2.24200e-04
2.23454e-04
2.22711e-04
2.21970e-04
2.21231e-04
2.20495e-04
2.19761e-04
2.19030e-04
2.18301e-04
2.17575e-04
2.16851e-04
2.16129e-04
2.15410e-04
2.14693e-04
2.13979e-04
2.13267e-04
2.12557e-04
2.11850e-04
2.11145e-04
2.10443e-04
2.09742e-04
2.09044e-04
2.08349e-04
2.07656e-04
2.06965e-04
2.06276e-04
2.05589e-04
2.04905e-04
2.04224e-04
2.03544e-04
2.02867e-04
2.02192e-04
2.01519e-04
2.00848e-04
2.00180e-04
1.99514e-04
1.98850e-04
1.98188e-04
1.97529e-04
1.96872e-04
1.96217e-04
1.95564e-04
1.94913e-04
1.94264e-04
1.93618e-04
1.92974e-04
1.92332e-04
1.91692e-04
1.91054e-04
1.90418e-04
1.89784e-04
1.89153e-04
1.88523e-04
1.87896e-04
1.87271e-04
1.86648e-04
1.86027e-04
1.85408e-04
1.84791e-04
1.84176e-04
1.83563e-04
1.82952e-04
1.82343e-04
1.81737e-04
1.81132e-04
1.80529e-04
1.79929e-04
1.79330e-04
1.78733e-04
1.78138e-04
1.77546e-04
1.76955e-04
1.76366e-04
1.75779e-04
1.75194e-04
1.74611e-04
1.74030e-04
1.73451e-04
1.72874e-04
1.72299e-04
1.71725e-04
1.71154e-04
1.70585e-04
1.70017e-04
1.69451e-04
1.68887e-04
1.68325e-04
1.67765e-04
1.67207e-04
1.66651e-04
1.66096e-04
1.65543e-04
1.64993e-04
1.64444e-04
1.63896e-04
1.63351e-04
1.62807e-04
1.62266e-04
1.61726e-04
1.61188e-04
1.60651e-04
1.60117e-04
1.59584e-04
1.59053e-04
1.58524e-04
1.57996e-04
1.57470e-04
1.56947e-04
1.56424e-04
1.55904e-04
1.55385e-04
1.54868e-04
1.54353e-04
1.53839e-04
1.53327e-04
1.52817e-04
1.52308e-04
1.51802e-04
1.51297e-04
1.50793e-04
1.50291e-04
1.49791e-04
1.49293e-04
1.48796e-04
1.48301e-04
1.47807e-04
1.47316e-04
1.46825e-04
1.46337e-04
1.45850e-04
1.45365e-04
1.44881e-04
1.44399e-04
1.43918e-04
1.43439e-04
1.42962e-04
1.42486e-04
1.42012e-04
1.41540e-04
1.41069e-04
1.40599e-04
1.40132e-04
1.39665e-04
1.39201e-04
1.38737e-04
1.38276e-04
1.37816e-04
1.37357e-04
1.36900e-04
1.36444e-04
1.35990e-04
1.35538e-04
1.35087e-04
1.34637e-04
1.34189e-04
1.33743e-04
1.33298e-04
1.32854e-04
1.32412e-04
1.31972e-04
1.31532e-04
1.31095e-04
1.30659e-04
1.30224e-04
1.29791e-04
1.29359e-04
1.28928e-04
1.28499e-04
1.28072e-04
1.27645e-04
1.27221e-04
1.26797e-04
1.26375e-04
1.25955e-04
1.25536e-04
1.25118e-04
1.24702e-04
1.24287e-04
1.23873e-04
1.23461e-04
1.23050e-04
1.22641e-04
1.22233e-04
1.21826e-04
1.21421e-04
1.21017e-04
1.20614e-04
1.20213e-04
1.19813e-04
1.19414e-04
1.19017e-04
1.18621e-04
1.18226e-04
1.17832e-04
1.17440e-04
1.17050e-04
1.16660e-04
1.16272e-04
1.15885e-04
1.15499e-04
1.15115e-04
1.14732e-04
1.14350e-04
1.13970e-04
1.13591e-04
1.13213e-04
1.12836e-04
1.12460e-04
1.12086e-04
1.11713e-04
1.11341e-04
1.10971e-04
1.10602e-04
1.10234e-04
1.09867e-04
1.09501e-04
1.09137e-04
1.08774e-04
1.08412e-04
1.08051e-04
1.07692e-04
1.07333e-04
1.06976e-04
1.06620e-04
1.06265e-04
1.05912e-04
1.05559e-04
1.05208e-04
1.04858e-04
1.04509e-04
1.04161e-04
1.03815e-04
1.03469e-04
1.03125e-04
1.02782e-04
1.02440e-04
1.02099e-04
1.01759e-04
1.01421e-04
9.97370e-05
9.67964e-05
9.39426e-05
9.11729e-05
8.84849e-05
8.58761e-05
8.33442e-05
8.08870e-05
7.85022e-05
7.61877e-05
7.39415e-05
7.17615e-05
6.96457e-05
6.75924e-05
6.55996e-05
6.36655e-05
6.17885e-05
5.99668e-05
5.81988e-05
5.64829e-05
5.48176e-05
5.32014e-05
5.16329e-05
5.01106e-05
4.86332e-05
4.71994e-05
4.58078e-05
4.44572e-05
4.31465e-05
4.18744e-05
4.06399e-05
3.94417e-05
3.82788e-05
3.71502e-05
3.60550e-05
3.49919e-05
3.39603e-05
3.29590e-05
3.19873e-05
3.10442e-05
3.01290e-05
2.92407e-05
2.83786e-05
2.75419e-05
2.67299e-05
2.59418e-05
2.51770e-05
2.44347e-05
2.37143e-05
2.30151e-05
2.23366e-05
2.16780e-05
2.10389e-05
2.04186e-05
1.98166e-05
1.92323e-05
1.86653e-05
1.81150e-05
1.75809e-05
1.70626e-05
1.65595e-05
1.60713e-05
1.55975e-05
1.51376e-05
1.46913e-05
1.42582e-05
1.38378e-05
1.34298e-05
1.30339e-05
1.26496e-05
1.22767e-05
1.19147e-05
1.15634e-05
1.12225e-05
1.08916e-05
1.05705e-05
1.02589e-05
9.95640e-06
9.66286e-06
9.37797e-06
9.10148e-06
8.83314e-06
8.57272e-06
8.31997e-06
8.07467e-06
7.83661e-06
7.60556e-06
7.38133e-06
7.16371e-06
6.95250e-06
6.74752e-06
6.54858e-06
6.35551e-06
6.16813e-06
5.98628e-06
5.80979e-06
5.63850e-06
5.47226e-06
5.31092e-06
5.15434e-06
5.00237e-06
4.85489e-06
4.71175e-06
4.57284e-06
4.43802e-06
4.30717e-06
4.18018e-06
4.05694e-06
3.93733e-06
3.82125e-06
3.70858e-06
3.59924e-06
3.49313e-06
3.39014e-06
3.29019e-06
3.19319e-06
3.09904e-06
3.00767e-06
2.91900e-06
2.83294e-06
2.74941e-06
2.66835e-06
2.58968e-06
2.51333e-06
2.43923e-06
2.36732e-06
2.29752e-06
2.22978e-06
2.16404e-06
2.10024e-06
2.03832e-06
1.97822e-06
1.91990e-06
1.86330e-06
1.80836e-06
1.75504e-06
1.70330e-06
1.65308e-06
1.60434e-06
1.55704e-06
1.51114e-06
1.46659e-06
1.42335e-06
1.38138e-06
1.34065e-06
1.30113e-06
1.26277e-06
1.22554e-06
1.18940e-06
1.15434e-06
1.12030e-06
1.08727e-06
1.05522e-06
1.02411e-06
9.93914e-07
9.64611e-07
9.36171e-07
9.08570e-07
8.81783e-07
8.55786e-07
8.30554e-07
8.06067e-07
7.82302e-07
7.59238e-07
7.36853e-07
7.15129e-07
6.94045e-07
6.73582e-07
6.53723e-07
6.34449e-07
6.15744e-07
5.97590e-07
5.79971e-07
5.62872e-07
5.46277e-07
5.30171e-07
5.14540e-07
4.99370e-07
4.84647e-07
4.70358e-07
4.56491e-07
4.43032e-07
4.29970e-07
4.17294e-07
4.04991e-07
3.93050e-07
3.81462e-07
3.70215e-07
3.59300e-07
3.48707e-07
3.38426e-07
3.28449e-07
3.18765e-07
3.09367e-07
3.00246e-07
2.91394e-07
2.82803e-07
2.74465e-07
2.66373e-07
2.58519e-07
2.50897e-07
2.43500e-07
2.36321e-07
2.29354e-07
2.22592e-07
2.16029e-07
2.09660e-07
2.03478e-07
1.97479e-07
1.91657e-07
1.86006e-07
1.80522e-07
1.75200e-07
1.70035e-07
1.65022e-07
1.60156e-07
1.55434e-07
1.50852e-07
1.46404e-07
1.42088e-07
1.37899e-07
1.33833e-07
1.29887e-07
1.26058e-07
1.22341e-07
1.18734e-07
1.15234e-07
1.11836e-07
1.08539e-07
1.05339e-07
1.02233e-07
9.92191e-08
9.62938e-08
9.34548e-08
9.06995e-08
8.80254e-08
8.54302e-08
8.29115e-08
8.04670e-08
7.80946e-08
7.57921e-08
7.35576e-08
7.13889e-08
6.92841e-08
6.72414e-08
6.52590e-08
6.33349e-08
6.14676e-08
5.96554e-08
5.78966e-08
5.61896e-08
5.45330e-08
5.29252e-08
5.13648e-08
4.98504e-08
4.83807e-08
4.69543e-08
4.55699e-08
4.42264e-08
4.29225e-08
4.16570e-08
4.04288e-08
3.92369e-08
3.80801e-08
3.69574e-08
3.58677e-08
3.48103e-08
3.37840e-08
3.27879e-08
3.18212e-08
3.08830e-08
2.99725e-08
2.90888e-08
2.82312e-08
2.73989e-08
2.65911e-08
2.58071e-08
2.50462e-08
2.43078e-08
2.35911e-08
2.28956e-08
2.22206e-08
2.15654e-08
2.09296e-08
2.03126e-08
1.97137e-08
1.91325e-08
1.85684e-08
1.80210e-08
1.74896e-08
1.69740e-08
1.64736e-08
1.59879e-08
1.55165e-08
1.50590e-08
1.46150e-08
1.41842e-08
1.37660e-08
1.33601e-08
1.29662e-08
