3.790581e-06
0.0004695897
1.560867
3745985.0
1.356298e-05
0.2454882
8.12152e-05
1.812522e-05
4.699651e-06
2614106.0
0.3736018
0.0002027502
104.0288
2.3636
8.758309
0.0001881023
81.42638
3363.701
0.9142191
0.0001668343
10.22652
2.711669e-06
291.3509
5.38313e-08
0.0007626432
5.219887e-06
33.27553
2.92898e-05
5.004707e-07
9.807893e-08
4.168288e-06
6.621618e-07
0.0003902877
1.046649e-07
1.380791e-06
0.00116065
88313.91
2.885382e-05
2.090911e-06
0.001238587
0.1645647
0.000725456
2.085905
0.03765644
0.003186248
4.975768e-05
2.800116e-05
0.0170068
0.0008949521
2.193488e-07
0.08463912
2.435573
0.007954357
0.09784409
0.002595737
0.002234221
4.055646
0.5685753
68.69814
40.64183
0.1989948
16979.08
17.20008
954.9173
0.0008860501
23.10093
1.869208e-07
0.3986888
538.8542
52.97171
3.318912e-05
0.007604348
2278.002
0.003218262
5.574863e-08
0.000229742
1.725002
0.001131998
2.759818
5.32531e-06
2.61841e-06
1.103499e-08
7.632564e-06
0.560111
5.167934e-06
0.0001199465
0.005467231
0.522249
40.23734
4.264834e-07
1.648281e-05
0.06826686
1.678044e-06
0.05730843
0.07285066
436.7988
1.150022e-05
1.906396
3.506532e-05
0.05645527
3.200606e-08
482.7291
1.886482e-05
1.91097e-06
0.0001660024
0.002493971
0.009861995
1.500119e-07
85.1739
1.097119e-06
0.00436579
0.0001843778
5.503419e-07
2.555819e-08
0.01259947
3.354946e-07
0.0002629434
1.29016e-05
0.01463819
0.0003922448
0.0003768665
2.42221e-05
0.0283193
18.26351
13.32909
2.517771e-08
147019.6
218.0159
63504.7
2.226632e-07
0.08591834
0.0006630242
1.703402e-06
6.191935e-08
0.0005241836
80.21435
0.007090358
8.526715e-08
130.9265
0.8783805
1.402776e-08
6.046935e-05
5.740012e-06
46.98246
10.80466
4.403937e-06
0.4047144
5.127284e-05
2.988143e-05
0.05082898
66.00515
137.6382
15.56349
0.00212527
0.003332884
1.391326
7.099584
5.610076e-05
141.8295
0.0003961858
7.503166e-07
1.808719e-06
1.878576e-07
4.002631
1.920547e-06
0.04932674
4.930218e-07
1.941398e-08
208.4235
0.0526391
32.61678
0.8481716
2.086525e-07
32.29222
0.0007040182
1.764069e-06
1.070891e-08
0.1557594
152.8741
0.00027095
0.001269938
215.8465
5.09102e-06
5.155567
0.001341732
0.1800603
4.024942e-06
2.652402e-07
7.594462e-06
3.925574e-06
0.004258018
0.0002834194
560.8418
3.774691e-08
0.01554326
0.0001229827
4.200084
0.008703352
9.115724
83.07128
1.891962e-06
18.91396
128.9775
0.748517
899.3418
4.106231e-06
9.702557e-06
8.064025e-06
3.412793e-06
111.5707
7.203237e-05
8.65557e-08
1.007729e-06
6.851993e-05
3.044529e-08
1.44853e-07
836669.6
4.482134
7.497178e-05
81.83441
0.05759566
0.9006128
28.92893
0.04099673
2.510481e-07
0.0002655857
2.128671e-07
0.001614356
0.003556678
1.444337e-06
7.116605e-06
25.0247
6.143222e-07
9.341768e-05
0.0001063848
0.0005294524
0.887206
4.189175e-06
139.7182
0.0002007329
0.02036037
0.000532105
8.087427e-07
1.176657e-06
6.640872e-08
2020.566
2.543073e-08
0.09400805
2.939827e-08
2.534952
7.964716
0.004050382
0.03356627
0.09982036
5.246031e-06
0.002146628
0.01385494
6.993876
0.00182015
31.97103
6.649497e-05
7.229926e-08
6.555737e-07
3.304015
24.77569
0.001289129
1.234383e-07
7.648579e-05
0.003123163
185.7848
0.0001579073
0.02874723
8.919125e-08
0.02860394
0.01434838
0.01084469
3.238598
1095809.0
9.322168e-06
2.113612e-08
88.64983
7.670792e-06
0.003872179
2.423421
0.006447842
192.4014
8.717256e-07
361.224
1.28437
0.2924299
1.934232e-05
1.019996e-05
0.08010998
0.2254869
0.01111918
5.956928e-05
0.6772954
3.870239e-08
0.1678888
3.065308
0.004873373
21.64735
0.0004743095
7.825729e-06
0.00329972
9.253471
3.525879
0.09932261
0.1159724
8.289672
3.142896
1.188482e-06
0.5545382
3.159591e-07
6.981284e-08
0.01106374
395.2373
0.02140411
0.002797872
1.144287e-05
9.771683e-05
7.524976e-08
1392827.0
0.001348457
1.561333e-07
0.005252865
0.0003054909
0.06860917
2.357455e-06
1.044454e-08
3.875275e-05
0.005305653
0.002179064
8.127967e-07
5.491843e-08
0.6346799
2.879328e-06
2.074461e-05
6.077261e-05
0.01717771
173.2262
0.000864178
1.466163e-06
1.665677
5.233467
1.855983e-08
1.130527e-06
3.216649e-08
5.949189e-08
0.6410557
4.527158
0.06397101
31866.94
40.43911
1.073142e-07
59808.95
20.90287
21.00763
8.980035
0.496782
3.99647e-07
583861.1
5.471597e-05
0.4191275
1.339988e-06
4.459781
1.7997e-06
5.699409e-07
7.768092
4.096411
0.001638751
0.003646702
2.289621e-08
5.723392e-05
6.172182
14.65726
0.01642195
0.003970178
0.5947442
0.0005061582
0.0007075494
3.255804e-07
0.6190126
8.802216
2.105807e-05
4.118163e-07
1.185041e-05
163.9571
2.01316e-05
0.5301424
8268.536
0.1695759
0.0002332139
1.256674e-08
0.03177017
0.0710523
0.0581744
0.001424687
89.54006
52.44491
0.003776584
0.05057537
0.001389516
7.92737e-07
83.48759
0.009522838
12.6791
0.0587592
2.381146e-06
0.0002218415
295.7536
0.0236549
9.443182e-07
494.9499
8.502053e-07
323.6011
0.5381541
0.1148186
3.005518e-07
0.9562922
8.16628
9.156816e-05
0.003451586
4.574014e-07
0.01860819
0.0009314726
1.1506
0.1354132
242.149
1.438283e-08
6.362042e-07
2.830514e-07
4.263557
9321.977
0.0005910065
0.1195037
2.242495e-06
0.3792474
7.173072e-07
0.0008904919
0.000276423
7.725483e-05
1.792157e-08
9.857056e-08
3.331214e-08
9.070222
62.1618
9.376381e-08
0.03022094
6.741188e-08
0.211298
1.203552
520.3226
46.05243
0.002104125
0.07658543
1.168335e-07
0.0001494581
6.823262e-07
214.77
2.768656e-08
1.159141e-06
3.897802e-07
0.002408205
0.008446104
15990.93
0.0003531523
23.45
0.003990083
0.8068094
6.392031
2.824575e-08
0.0074912
1.746519e-06
0.04018517
4.369286e-05
1.674526e-07
107.7338
0.1445061
26.30754
1.099425e-05
1.474688e-08
3.345229e-06
0.0005086956
2.484763
2.181897
0.03476168
1.364184e-07
10199.27
7.122279e-08
0.000526811
1770351.0
0.0001037585
1.105819e-07
1.329445e-05
4.221135
4.709536e-05
1.155786e-05
4.780693e-05
0.3346912
4.66503
1.02081e-07
0.4796976
1.925551
0.07735517
248.278
2.954563e-08
2.3168
1.083602
5.715961e-08
0.3717394
0.0003132234
0.009149497
6.130369e-08
1.165883e-08
0.02789778
59.42671
409.3136
0.0001129623
2.399315
1.953668e-05
4.243563e-07
0.0002251938
3.886531e-06
3.508301
6.774968e-08
7.540792e-07
432.4519
0.2123572
0.08678155
0.2266168
5.405771e-06
1.291191e-07
0.001417584
1.173252e-05
0.001226265
1.183501e-08
0.002825994
22.64355
0.0003567008
1.06779e-07
7.188123e-06
0.3830591
5.055012e-07
146.1483
4.915936e-06
0.07582392
146.8807
6.877383e-08
1.371023e-07
7.676931e-08
1.161579e-05
0.02734542
0.0004936628
5.309888e-05
0.002674777
4.828749e-05
320.3825
8.848971e-07
4.5873e-08
5.129853
4.171628e-08
0.02066801
3.429903e-06
18.72581
0.01650425
0.6572854
5.584908
0.5196461
6.293715e-05
4.286198e-07
2.299258e-06
0.2406278
0.00370181
0.114246
0.6159249
0.366206
1.768664
2.460776e-07
0.406743
0.001396482
0.04982242
0.01358063
1.458851e-06
240.9414
2.117423
347.0621
1.488318e-06
1.078199
1.751066
1.306907e-06
0.2686035
30.41196
1.463086e-07
0.4087811
0.008790753
3.762643
2.541038e-06
54.31256
1.538089e-07
4.415396
0.007642486
0.007835958
7.96068e-05
1.342804e-05
10.07429
4.307675e-07
0.7300415
3.737136e-08
0.1070571
2.080485e-06
0.1874075
3.40462
1.455356
30.56435
2.952208e-06
2.008935e-06
0.03803491
0.2277524
983.9792
3.405638e-07
3.878904
0.1773801
0.0001286424
2.350632e-05
0.0006244207
5.003223
0.0005428539
1.569156e-07
0.02377344
0.7560437
0.03691089
126.424
45.59413
0.0002820064
5770.106
4.413193e-05
7.459802e-05
0.06208091
0.7014171
1.742334
9.538078e-07
0.0004557133
0.000123599
0.02087572
1.01572e-07
170795.4
0.003486262
0.4450415
0.005279188
3.152966e-08
64.05465
0.0002427301
226.912
8.45292e-05
9.849172e-06
1.049688e-08
5.182954e-07
0.0001643507
0.0004422467
0.004947
0.01272609
1163524.0
1.182555e-06
1.131431e-08
34.80696
915404.7
3.370756
0.1225286
1792.224
35.15677
0.01047175
4.06538e-06
13.94251
0.0003602857
1.040598e-05
1.690001e-05
1.616458
0.0007977406
7.412954e-08
7787.276
4.541666e-08
74.04822
1.99313e-05
1235424.0
0.0002905937
2.071763e-08
2.705976e-07
7.208992e-07
0.0001517165
1.82252
0.01427683
0.0003325889
0.3058877
1.893471e-08
0.0001651744
0.003349582
0.01331176
0.588826
19.68575
12.74264
1.015417
177.6107
0.0008728612
1.179722
1.334371e-08
0.004453983
0.009241441
1.778058e-07
0.04288356
0.000427037
6.425972e-07
0.0003260044
3.723333e-05
0.6605778
0.001050215
24.89991
33.44234
7.170927
0.02575314
2.644727e-06
2947167.0
4.23465e-08
0.001981606
1.608396
186869.1
0.0001393552
0.002168197
119188.1
0.0004534411
0.7227804
4.306392
1.758962e-05
158.3188
0.009715187
103.51
566.4759
0.005633695
2.495966e-05
9.423378e-08
0.05032317
9.482932e-05
0.01364869
8.080973e-05
1824231.0
25.27611
4.32799
0.007306269
393.2655
44.02618
5367973.0
5.897672e-05
419842.0
0.01508393
1.477789e-07
0.0004766864
0.1250035
26.57189
112.6919
2.191736e-05
1.314508e-08
0.5017742
0.3536113
0.1864729
2.914376e-05
475.5446
0.108133
9.97406
4.426011e-06
3.726317e-07
0.0003496388
7.131587e-05
0.2040318
11.94083
244748.5
4.282773e-05
22.75704
53050.04
0.005892981
59.13057
1.121633e-05
0.0009792232
0.0008017412
1.515192e-07
0.4384169
105718.7
0.05905354
232.6554
2.225969
1.265628e-07
6.553803
0.5119104
2.281167e-05
0.002072805
417.5814
8.691979e-06
0.001195994
2.386153e-05
110.4606
5.356298e-08
1.906963e-07
3.248967e-08
0.0907754
0.05424209
0.8313798
9.585877e-07
1.19755
3.859028e-07
1.605499e-08
0.01100857
0.07034584
2.084855e-05
3.6815e-08
0.06085174
1.133809e-07
3.119101e-06
3.725205
4.177058e-05
2860124.0
1.725515e-07
6.753378
3.53717e-08
888365.0
0.08987209
0.0001152441
0.0005764157
0.05506179
39.6384
2.359341e-08
0.2060818
3.631429e-05
0.003234391
0.0001305864
0.0001101736
9.470602e-08
0.008531025
0.5977246
333.4554
0.07469463
19142.34
1.513984e-05
0.0002539006
2.794243e-06
0.001775217
0.0005969454
0.06146329
0.00101918
2.75264e-06
0.004705767
11.88128
2.224855e-05
0.7410724
0.05994586
1.281032e-06
3.71553e-06
2.324222e-08
9.87483
0.01485939
6313.118
3.204771e-05
3.063773e-05
7.652433
5.89001e-08
5.363265e-05
2.035014e-07
0.002531656
0.000248874
0.01956214
0.003720368
0.06725069
56.52881
21.75583
62.47332
2.95841e-05
0.03037243
4.689783e-07
8.274768e-08
1.828356e-08
0.004922336
6.607742e-08
179.3956
8.867571e-06
0.1782687
24.5292
1.288482e-08
0.02161921
1.213457e-08
8.151597e-08
0.001362007
0.002728802
72.94572
8.044732
0.0006370314
0.07931303
530.8311
0.9188003
0.007914701
0.1131094
0.173001
3.878376e-07
0.08548953
5.178801e-05
3.936971e-07
0.1294555
54.58487
1.878018
5.519385e-08
2.599891e-07
44316.29
0.07813249
0.0008097992
5.257077e-05
0.4992724
2568.237
0.7336976
1.657865e-07
0.02098036
3.090539e-08
4.505936e-07
3.699961e-08
0.0001048012
4.448178e-06
0.001932686
0.003266893
6.688149e-07
2.44337e-08
0.01337848
4.750686e-08
0.01057697
0.001582393
1.91652e-07
0.0001242183
64.69816
2.521045e-05
6.485333e-05
3.651451
0.001913458
1.733647
2.960774e-07
0.5144768
100.9548
40.03669
0.07891739
0.09638754
2.282316
19.3927
0.1542098
9.183401e-06
2.150062e-07
25.91595
13.80379
24.1641
8.753934e-05
0.0001359149
8.698949e-08
379.7421
1.529965
9046.63
1.90144e-06
0.002041945
0.000251375
0.0001338917
328.4911
40504.36
3.262647e-06
8.309628e-06
2.247212e-05
1.584925e-07
4.094349e-05
502582.2
2.371165e-08
9.490516e-07
27430.78
8.562609e-06
0.8027865
1.507637e-07
1.197907e-07
1.080787e-06
0.0002792009
2.533683e-05
1.189432e-08
1.503272e-06
0.0001909444
0.08296313
0.005494625
363.0344
183.0192
0.0009176059
0.7263986
445786.1
7.887778e-07
3.928722e-08
0.2394278
4.435318e-05
1.747916e-08
1.756676e-08
23.2167
0.08091521
5.224047e-08
0.03052463
1.721896e-08
4.595582
273.0175
0.301335
9.111122e-05
0.0002379244
9.877773e-07
20325.27
0.6705572
0.1114257
0.04908099
0.000643432
3.561306
0.2155661
1960.886
267.612
0.008834816
0.008115011
0.1183149
5.09509e-08
1.707839
1327.973
2.07612e-07
5.630875e-08
0.1621151
1.580335e-06
239.7396
4820.167
43.37074
0.001590324
3.402917e-05
4.284928
0.2880766
6.016791e-05
118.4688
15.3318
7.317945e-07
9.969063e-05
125.1661
7.556613e-06
3.395777e-06
0.02183643
811956.6
546.9954
3.793611e-08
0.1171377
2.424143e-07
9.008799e-08
1.429968e-06
0.06999463
0.00910384
5.872966e-07
1435218.0
0.1931141
4.619975e-07
2.842424e-05
1.094818e-07
0.4893865
225.7802
1.408681e-06
15.71988
3.338207e-07
26.83892
4.656615e-08
0.3199651
1.056322e-05
3.616196e-07
0.007875235
0.9051213
48.17186
0.006644213
1.425826e-05
10.38106
10.59073
198416.8
2.483517e-05
0.06024627
0.000374987
1.810167e-08
0.6979199
1.116931e-07
3.641965e-06
4.329265e-07
4.881151e-07
7.481421e-06
2.417128e-06
4.703411e-08
21.86488
0.0003039674
3.415531e-08
16.44331
0.005776287
0.0001532412
0.0007110941
4.07394e-05
325.2237
164.7789
0.001884976
1.233397e-05
9.302611e-07
6.803496e-06
0.43623
0.002267979
0.0001798261
343.6085
0.04645458
1.271592
23.3331
6.517849e-05
149.1001
22.98573
0.04140881
8.569453e-08
0.1549824
0.0008994394
0.0001299351
0.0004511804
4.045114e-06
12.61587
8.168696e-07
71596.03
0.003468877
0.0001058543
0.03208947
4.629693e-06
1.297275
12.49036
3.298072e-08
2.276381e-06
454.622
0.02046241
0.0004249084
0.3380535
0.03373451
1.361323e-08
18.35504
0.000112399
1.316219e-05
0.6067549
0.0001987362
0.03007026
0.01031586
0.04245679
2.338909e-05
1.283726e-05
0.009334304
0.003683346
0.6806901
24330.88
1.218565e-06
71.85969
1.243178e-06
4.978268
0.0006059682
5.47597e-07
73.67882
0.0009598357
0.007379637
0.002245418
0.02250137
0.00440967
183.9364
2.943654e-05
3.287541
4.639427e-05
5.157113e-07
0.1054635
150.5985
0.1381484
0.000118161
15.25534
0.02903613
2.788378e-07
3.678558e-06
63.73522
1.39174e-07
3.272125e-07
1.711939e-06
0.007453822
971971.5
0.8916507
0.005358976
9.558127e-06
0.8609855
0.01026442
0.005072232
204455.2
3.490803
1.739199e-08
1.086203e-06
45.36691
1.139152
1.576551
3.253201e-05
2.220187e-06
0.005605589
1.980615e-08
0.0001693553
0.006480167
0.001093068
5.437219e-08
32.78022
4.316735e-06
6.92084e-05
0.8566955
0.000154781
1.104936e-05
0.6672136
6.523075e-07
569.3142
0.01842306
0.01145777
66.66816
159.1121
1.519594e-08
0.001034581
0.0009694805
0.7987825
1.575761e-05
3.801587e-07
1.310312
1.051054e-05
2389256.0
263.6288
1.698471e-05
33.10965
0.1374595
0.007528706
3.84785e-06
0.1288099
15518.62
1.994129
0.134066
434.6197
1.059389e-06
0.001847655
0.00701979
3.597097
3.491846e-07
1.304165e-07
2.690333e-05
0.0002564522
3.150448e-06
0.004753065
21.97445
4.492896e-06
720198.4
0.0001164022
2.159109e-05
0.0361802
0.001328383
4.210175e-06
3.230183e-06
0.07696967
0.0008772305
2.637066e-05
1.002704e-06
2.893756e-06
441.1869
0.1855431
1.625043e-07
1.12782
0.1836973
0.07140864
7.296733e-06
3167.95
9.349234e-07
0.004971804
0.03424426
1.081651e-08
0.0005678384
1.970738e-08
4.643139e-07
7.500943
50.38856
0.00554984
0.005332259
10.02405
0.0001140975
0.0959069
0.0001635314
5.065634e-06
0.0006730434
0.003046066
0.0002603278
2.758431e-05
0.01726382
3.035715e-07
0.3215696
1.48208e-08
259872.7
4539.629
0.001115147
3907.68
3.569858e-06
0.0001365961
0.08809279
0.0009222053
533.4912
8.605546e-06
0.5771677
29.51329
2.568628e-08
0.001512773
132.905
0.01692201
0.05478702
7.266187e-08
4.877259e-05
0.06658145
411.3645
7.690796
20943.81
6.911811e-08
2.559142e-05
2.237128
5055573.0
1.246416
28.35623
6.721696e-07
0.4773056
4.320193e-08
1.383693e-05
0.0002058137
5.028291
13.13067
0.006949977
0.002384243
5.410104e-08
0.0001780371
0.01021323
2.171664e-07
0.1033755
381.6442
0.591778
0.02562474
0.2659314
5.019234e-08
0.02389256
1.145202e-07
5.259717
552.494
0.08213757
3129287.0
4.474057e-08
0.01966018
0.001875575
7.385558e-05
1.97429
0.0002805997
0.03098589
0.2243621
0.004521273
0.1504026
0.214491
9.776589
368.5193
0.00156665
16.77547
0.0005215705
2.160834e-07
5.626356e-06
5.131384e-07
4966.872
160855.5
0.8827797
9.57822e-05
22.41828
7.045788e-06
4.416723e-07
21.43195
0.9326843
1.309655e-05
3.029347e-08
0.1189079
0.1597019
11.07814
5.614569e-07
7.747881e-06
0.0001267275
191.4419
0.02462012
0.1712799
1.480895e-06
34865.95
2.024264
9.800056e-06
0.0004334908
0.04599246
42.93933
270.3014
1.452737e-08
0.007233541
0.002001518
0.004729359
2536900.0
0.8696375
9.06571e-05
0.0004227892
5.697698
0.01278986
1.322816e-05
5.207389
163.1396
0.02640504
0.000222953
0.0008555775
98.46245
41.67049
8.627952
0.001029422
383728.6
0.008034306
1.858401e-05
1523906.0
4.808493e-07
2.347574e-08
0.001722759
2.505215e-08
7.616551e-07
195.3086
28.07406
64.37548
0.1526753
0.03390357
1.310702e-07
0.002021633
5.529332
1.215036e-05
192556.3
0.005200613
1.039245e-08
0.001308609
4.068629e-08
7.245101e-07
3.304997e-07
1.077659e-05
0.0002343824
0.02653738
147.6169
0.0007290895
2.004124
0.0002750447
1.222103e-07
3.52693e-07
128.3343
407.272
0.008362089
1001553.0
10.12478
14.0826
51.40647
6.975726e-06
0.1999919
0.0001175718
0.002360526
4.538024e-06
7.921031e-05
1.014908e-05
8.207247
20.08337
0.0605481
586.6501
2.455617e-08
1.202948e-05
1.326656e-06
12.00067
9605.682
0.0004291789
112251.5
4.150821e-08
1.504476e-08
7.016277e-08
0.06429191
0.0001719145
3.003111e-05
1.384387
0.0001414609
0.0001407556
1.769189e-07
114.968
0.005439946
4.50233e-05
2.167109e-08
2.916699e-07
292982.7
16.6918
8.537819e-05
1.227246e-05
1.998919e-06
34.98146
1.750188e-05
5.053498
6.719713
0.3571649
3.166233e-06
43.8067
0.7191753
11159.12
2.143835e-06
0.2418341
9.722961e-05
8.414984
9.62623e-05
0.06691538
0.005522161
1.246788e-07
2.471132e-05
1.259315e-07
5.080348e-07
106.6619
1.57702e-07
10.69717
5.547036e-08
9.329622e-08
1.190981e-05
403.2209
6.393914e-07
75.1672
6.78723
0.003170352
320554.9
76.30263
0.1747393
4.633389e-08
0.001468071
130.2737
13764.86
44.69142
8.714671
26.43936
0.0006466556
20.38683
4351801.0
2.28299e-07
0.01814883
4.564414e-08
0.0001205477
0.7155892
0.001220151
1.565864e-08
1.737809e-06
522.9293
0.04463342
9.118433e-07
0.1207047
0.01531186
5.329577e-08
1.78697e-07
0.0001273627
143.9725
1.896888
0.1213096
14.22412
3527982.0
0.04668759
0.05964687
5.841942
4.116935
2.975614e-07
0.0007438186
2.887686e-07
1.185988e-07
0.000172776
7.61426
1.209944e-07
8.000589e-05
1.831656
1.27197e-07
0.4632023
201.256
0.0001096243
3.57737e-05
477.9289
2.446552e-05
108.2737
0.006011988
0.001490255
6.174021e-07
0.06792643
2.260278e-07
123.303
0.0003864052
0.36438
1.32004e-06
0.02413268
0.0001217591
2.910587e-08
1.25831e-05
2.802355e-07
0.004849074
1.111361e-07
1.863795e-06
0.1243801
0.1281675
0.001321759
2.352513e-07
34.46065
0.7674668
5.015229e-06
0.01456519
154.4104
1.71691e-07
0.03672687
60.93109
0.009195355
4.372787e-07
1.795926e-07
1.097997e-08
175993.7
0.000503635
1.294939e-08
0.0003024511
6.583348e-05
0.2837883
1250.686
0.4678563
8.110966e-08
0.02056493
4.360109e-06
184.8581
1.441306e-07
37.51753
2.574026e-07
0.1065233
1.597492e-08
3.914209e-05
87.32961
2.774472e-07
1.640061e-05
14.58417
6.588632e-07
0.002157386
0.001971723
3792.269
0.2288943
162.326
1.088487e-05
0.1940823
2.692488e-07
9.435643e-05
340364.1
0.0001435987
0.009381082
5.638191e-05
2.719543e-07
3.66315e-08
0.0009890628
3.385948e-05
4.746875e-06
198.2601
0.002420274
729.0953
5.029789e-07
0.0004356627
0.0004144195
3.541776e-05
4.035423
1.253037e-07
5.10428
0.1565399
0.03746878
0.102347
0.0002403149
0.0001223693
1.790724e-06
49.88734
0.0002979487
4.990236e-06
3.58775e-06
14.01238
2.65798e-06
0.4108304
0.009013254
0.04418929
490.026
1452.948
2.523062e-07
9.606037e-06
1.398299
0.01128721
0.001244795
0.0003179556
0.0005510574
0.6841036
42.51225
188.592
0.0004444641
3.188791e-05
2.46792e-08
0.07506937
452.354
69.38863
13.59832
2.858106
2.293754
0.002313788
5.101708e-05
0.1320704
0.0001079924
27.79473
1.04112
136.9519
2.431187e-08
0.0003731169
3.842026
1.367054e-06
22.30649
5.930219
3.072667e-06
459352.0
2.258474e-05
120.8617
5.235031e-07
1.061616e-05
0.6097961
0.0537025
39.24408
0.2517118
0.006320211
528.185
249.5221
0.0009130301
74.41891
0.007055007
0.2795641
0.0706984
1.649597e-07
3.562364e-07
0.000501123
1.433691
0.001208011
1.489507e-08
25834.4
76020.01
1.162507e-07
0.4149573
0.0005455742
135.5895
0.07774255
3.456076
515.1457
0.4254619
0.142355
0.002337038
0.005097655
9.161409
0.1818697
0.00874696
0.3074212
108.8163
6.125465e-06
7.950332e-08
17.45997
1.333305e-06
0.2311939
583.7265
27.10862
1.003505e-08
0.1573244
0.01413479
1.924587e-05
0.003930688
211.5732
0.4428227
4.325813e-05
1.742854e-07
8.185867e-06
0.004635722
0.1653896
0.0001312409
17.11428
5.711375e-06
25.53012
0.0006663501
7.904403e-06
0.001055478
8.499515
0.0006970124
0.00574747
17.99163
0.263286
4.126816e-06
287.0132
0.000199732
3.057348e-06
0.04957415
0.001688651
2.780305e-06
0.01204515
13358.32
0.002189983
6.203104
0.008659929
0.0001017043
0.0012827
2.566573e-06
6.958999
111.0142
0.01879517
1.859334
219.1083
3.945255e-06
1.537632
7.864971e-06
3.771676e-06
4484229.0
0.0692984
6.886322e-05
8.410712e-05
56328.24
4.341848e-08
6.249174e-06
430.2956
0.001622447
0.05007237
1.066936e-05
0.0002047874
1.912498e-08
0.001039767
91002.03
2.259605
0.0003163704
8.192416e-08
0.003521301
0.004431759
3.933827e-05
2.497963e-07
0.0001345628
0.0007475468
9.099295e-08
0.203014
2.651614
3.437109e-05
1.249408e-06
3.337217
0.2358638
0.0004863151
8.542141
6.254192e-08
1.729143e-06
0.001551064
0.01515954
2.612143
0.0001187532
1.460018e-08
0.005661943
0.1402359
4.479886e-05
0.0177895
5.838985e-05
0.109767
8.886249e-05
541.5537
7.444141e-06
1.148528e-08
1.491445e-05
0.007416635
0.09353927
3.59062e-08
5.287643e-07
284329.4
16.27975
0.07852433
1.405307
0.02318651
0.0007550602
0.01068326
0.001014098
1.270955e-05
0.1119841
9.190737e-08
127.0576
1013.926
2.269792e-05
0.8397304
0.0007005059
2.054852
0.0004887513
161.5166
1.545799e-07
5.900651
2.213758e-05
0.003434363
3.438834
0.0001871642
6.619646
310.915
1.009847e-05
0.03145413
2.660106e-08
0.323181
0.002114672
45664.96
4.451742e-08
15.64149
6.574798e-08
0.001098547
5.000725e-05
1044.784
1.067472
6.15617e-06
2.844696e-07
0.0001563363
2.671303e-06
3.112559e-07
0.003154549
39.04833
1.964446
94.13041
4.618617
8.673777e-07
0.001520355
138463.3
1.412351
0.1809628
0.000367562
0.0002920503
0.0180583
5.727961e-07
0.0003211514
4.879714
6.707595e-08
0.04441089
1.091648e-06
0.1883468
0.3330216
0.01266262
5.687457e-08
0.1347378
0.04508188
0.0003393072
2.981875e-06
4.583631e-06
1.884029e-08
2.746054
0.0001487127
1.495776e-06
0.0002355572
1.127253e-05
1.935202
3.127225
0.0005999362
8.248328
1.649107
0.002840156
9898.03
3.9484e-08
341.8952
16.60856
0.2699499
0.002256667
0.0002415194
0.0316118
7.842229e-05
1995911.0
1.237966e-08
5945.696
2.870991e-05
1.6327
0.01186584
2.772252e-05
6.110801
1.099977
2250203.0
8.937934e-07
4.231268e-06
1.04885e-06
0.3754752
0.0002142121
0.0389977
0.2009945
12.80652
4.84276e-06
9.164136e-07
3.347908e-08
566616.7
1.005615e-07
0.2754021
0.2852112
2.096356
145.4195
5.826739e-06
38.85371
4.953454
0.5573192
9.053911e-08
1.102617e-06
268.9531
1.282057e-08
4.138793e-07
0.5657408
7.426305
8.268161e-06
0.007342888
10.48537
0.004091077
0.01823979
3.95553
0.1165536
84.32661
0.4233391
0.0002274562
0.0008428449
165.6048
0.603728
0.009961097
1.671013e-08
0.001109585
1.206441e-06
1.301431e-08
2.639181e-07
14615.47
5.961683e-07
0.0005112441
46.74819
210.518
7.34875e-05
0.003316255
44.91545
2.305937e-07
2.41134
0.008278902
0.2479551
2.01054e-08
132.2421
1.573714e-08
9.275681e-06
9.631052
6.200023e-05
0.002621823
2.490726e-06
6.783794e-05
3.011836e-06
0.4212277
1.154284e-08
3977474.0
28.21479
2.049514e-06
8.20311e-05
0.001076798
0.0002736727
3.667912e-05
2.959899
572.1703
0.6944416
2.059784e-06
1.028084e-06
2.717369e-05
1.841382e-07
18.53951
97.97148
0.0324119
1368.388
46.51505
1.120174e-08
0.2809656
2.822317e-06
9.654173e-06
229.1919
130404.9
0.8272289
1.644821e-06
0.0001443182
0.000252635
1.613547e-08
127.6944
0.0004001665
0.009287754
3.867135e-06
0.1416452
8.956734e-06
41737.1
428.1505
6.940925e-06
5.752077e-05
1.926125e-07
4.075981
1.17384
2.165378e-06
89.98924
0.0006832163
0.06333477
15.87783
372395.6
7.885457
0.4845181
0.0001957777
8.162184e-05
0.0001967589
2418.771
0.004612609
5.340791e-07
1.631881e-05
15060.27
3.004626
2.429242e-06
0.0001006924
1288.75
3.066226e-07
0.3120671
0.6128513
93.66098
0.0005565941
0.01247412
0.002770044
350.5493
38.08435
1.874634e-08
9.295181e-05
3.362001e-06
3.598163e-07
2.915831
230.3407
4.192529e-08
0.1738681
6703.253
0.0002551732
742116.4
1.850612e-07
0.02977112
6.769583e-06
7.422555e-05
0.05561491
5.501757
12.24306
1.018669e-08
3.707729e-07
6.602475e-06
0.2606666
29.21964
0.2580733
0.001066085
3.254827
6.169089e-05
306.2866
0.0004206812
2.044607
0.002868696
0.004030176
52.18333
0.004194632
0.00097434
2.530391e-08
15.17926
0.0365438
485.1501
1.840836
3.281622e-08
4.004865e-06
0.037096
0.01168921
1.405725e-07
0.03192947
54.04168
0.02307093
0.7829696
11848.7
330.1381
0.7947974
10.91323
0.0003942097
0.009475359
5.582102e-05
14.15319
2.236002e-05
32836.8
2.214872
2.329105e-07
7.26034e-06
4275.439
5.902409e-07
114.3947
0.003107592
0.3136309
0.001302084
4.179146
0.1301042
1.350211
86.46126
0.01216617
36.95894
116.1233
1.089033
50.89513
19.00877
4.756861e-05
1.094491
5.025767e-05
1.38882e-08
1.250408e-08
216.9286
1.588257e-06
0.0001400536
6.857458e-07
49962.56
96.03172
46.28305
0.0001318985
7.686904e-05
1.887428
0.00040825
4.798415e-08
0.0002120809
2.014767e-07
9.583025
7.924957
5.421466e-07
2.453653e-06
304.7594
1.24057e-07
5873155.0
1.656542e-05
5.602798e-08
181349.9
2.202719e-05
2.535707e-07
5.464477e-08
0.000185302
2.248338
3.026932e-06
28.64116
0.0003101067
8.004594
22238.07
0.3589545
0.009428097
2.787551
7.081102e-06
0.03958692
0.1092196
0.151914
38.27534
3.686296e-05
60.62705
1.317271e-07
0.05788432
1.781795e-06
2.733173e-07
4.919864e-08
5.659095e-08
7.352426
0.003383246
6.75538e-07
0.000106918
0.0007858664
6.296847
0.0005163835
0.9420572
61.85168
2.989643
0.007796871
0.2555052
5.499002e-05
1.167986
6.218003e-06
0.0009841311
2.858958e-07
2.843853
30.26028
3635355.0
0.002469157
22.53063
11.64605
0.0002590291
4223267.0
3.49918e-06
0.0006306914
1.529197e-05
0.0003478955
11.58796
2.902161e-07
4026.614
0.2346878
1.274644e-06
5.040361e-06
2.055463e-07
0.04182484
9.415842e-06
355.8469
0.01285397
0.0005851283
1478897.0
0.8653022
18.17242
37.33033
2.626016e-07
1.785541e-05
0.1921511
1.327718e-08
0.1589054
8.357948e-08
1.527209e-08
0.3947237
2.899843e-05
2.171017
0.003015753
1311766.0
0.01134378
1.404603e-05
1.093942e-05
2.301098e-08
0.0001594942
0.0002778084
1.485196e-07
0.008196543
0.0005706833
0.243046
4677.794
4.515403e-06
0.001295589
0.0518555
0.000215286
0.0008685103
0.0147853
1.330509e-07
8.630567e-07
6.716296e-05
0.01006119
4.950951e-05
2.698148e-06
7.279247
0.007719266
35.50995
6.635552e-06
72.582
4.774481e-08
14.43907
2.974731
116.7054
6.439458e-06
0.04763052
44.24679
4.606616e-06
1936958.0
289.8976
4.679956e-08
39.44077
2.31564e-05
5273.78
202.2647
0.04835026
0.000264261
0.01796825
1.98895e-06
0.001263606
374.088
182.1063
0.0003657298
8.77932e-06
1.138581e-05
3.32855e-06
6.325256e-05
0.006778395
2.705172
2.020619e-08
0.9515231
2.271608e-07
9.202701e-05
0.02108551
2.096983e-07
0.1764954
0.02817814
1.054106e-06
1.025622
1.354534e-08
764697.5
71.50165
2056651.0
0.004070682
1.252663
0.0002068452
2.713833e-08
1739.288
6.891843e-07
1.043619e-06
2.051151e-08
4.926274e-05
1.592868e-07
0.001431828
0.9854114
0.7868911
17.37292
1.228227e-07
1351689.0
2.5815e-08
1.062465e-07
0.01420563
0.001527974
1.343479
1.01278e-06
0.0002877028
338.4942
0.01253664
0.04786921
1.960907e-08
0.003757756
4.57266
2.485502e-07
119.0626
0.001335041
3.820634e-07
4.784534e-07
563.6517
1.031069e-07
0.002811902
0.5742906
6.821219
512.5755
123.9209
0.7373785
0.004476299
2.586923e-07
0.001923048
0.004279354
0.1613065
205.3213
0.6007192
138.3281
5.927249e-05
3.652534e-07
2.369272e-06
79.41671
119.6594
0.08897789
0.0002964627
609.0624
2.786153e-05
3.141325e-05
862125.9
1.174189e-07
13.46303
109.9099
8.33128
0.0002682548
8.441879e-08
0.01523552
2.931316e-07
189.5373
0.4472718
0.01995723
278.5318
0.005952181
1.522336
1.461917e-05
0.3152028
93771.43
0.1437856
0.01787864
199.2537
0.02151138
0.0004626003
0.05451401
6.234211
3.137237e-08
5.283412e-05
10509.68
321.9877
1.346703e-06
4.252475e-06
1.252035e-05
2.139335e-07
1.167401e-05
3.0421e-06
1.300391e-06
0.0001789296
0.0003981714
2.065766e-07
0.002883072
7.610445e-05
2.000516e-08
65.34816
156.7437
6.808935e-08
0.03441588
2.154581e-06
0.01062998
4.47048e-06
0.0002320505
8.742596e-08
0.7908382
142677.3
1.849132e-05
6.356938e-05
0.03290165
1.819238e-08
9.948146e-06
0.006880811
3.984901e-06
4.496487e-08
0.752274
0.03998469
1.512015e-08
0.01493388
0.02707334
1.915948
821.9832
53.77222
61629.15
223.5339
0.01985773
0.005690298
445.6204
89.09359
6.471745e-06
7.137284e-07
86.89409
7.846146
9.661891e-08
0.2646055
0.05397159
0.0002723078
2.896065e-08
1.865286e-08
2.700307e-08
4.736931e-07
1.017856e-06
1.156711e-07
151.3532
6.03908e-08
389.3538
2.01417
1.79449e-05
0.09307276
57.09693
5.250232e-08
3.889633e-08
1129159.0
0.06177118
0.002135921
2.82967
2.21088e-08
0.002557096
312.4726
3.175423e-07
4.457534e-05
4.852947e-05
0.003739007
7.562633e-08
2895.457
58042.49
0.0140643
0.02119117
11.76308
311087.0
175.8439
0.03528706
2.57944e-06
0.000247633
0.9903505
1063444.0
245.8081
0.002926637
22.08458
7.025419e-05
0.001184094
8.612459e-08
0.004300803
1.591597e-05
0.03339883
0.2335175
1.902961e-08
0.3483477
1.137101e-08
1.185635
1.724138e-05
0.01667012
197.2713
0.004344021
4.304236e-05
0.003833653
3.763762e-07
0.008923667
0.004152902
257.1201
0.01399417
0.006164165
6.161081e-08
67429.34
1.830736e-05
1.387711e-06
139.0214
589.5917
48.65592
3.168765e-08
8.804853e-07
1.584454
5.487478e-06
3.352268e-05
94.6022
47054.75
6.004184e-06
196.2876
1.455789e-07
1.100305e-07
5.860653e-08
2.133146e-06
8.648669e-06
3.01968
1.80114e-08
3.82866e-06
1.330113
1.462652
1.316879
2.249009e-07
244.5823
1.859884e-07
0.009058501
0.09032283
421.7774
19.98323
1.343877e-07
105.6008
0.0005593856
12.36611
3.572714e-08
5.979011e-08
1.277965
0.01324537
4405.555
1.030762
2.691684
0.0007588454
0.0002089238
2.796473e-08
0.0001085337
0.1395365
0.02549698
1.010655e-07
0.3248006
0.0003461603
0.0001571199
102.4802
0.7084681
15.40864
0.0001685107
0.01241192
3.421687
0.005718831
0.0003116604
3.608621e-08
1.36378
3.295436e-06
0.0003359312
0.001942375
1.04143e-07
3.634325e-07
1.122195
385.48
0.0008302965
12.18201
13.26261
2.137629e-05
9.82851e-07
0.217732
0.002481536
8.023836e-06
0.0176125
2.686835e-08
0.0002131439
0.01546573
85.60115
3.419979e-05
0.04859262
0.9280338
0.01163091
16477.6
354.0716
7.709274e-06
0.2938955
2.107492e-07
1.646137e-08
4.528508e-07
0.1268925
1.99054e-08
0.005021751
0.03323233
0.184618
3.473399
16.19855
0.02330273
2.019003e-06
480.3221
187.6518
0.006288677
1.22565e-08
1.657374
0.00848851
0.0001938297
0.002372356
3.519533e-08
698926.3
47.93166
221.3102
3.819497
0.03582025
1.620339e-06
1.336778
0.06301898
2.116361e-05
54664.43
0.03880308
0.02614234
0.00583435
0.002608748
3.809581e-06
0.3167817
0.000220735
14.73071
2.2926e-05
2.678259
1.636621e-06
0.001154864
0.006042124
0.1125453
0.003911085
17.02895
3.246374e-06
0.7636401
3.080676
0.9707425
1.033236e-06
0.05108371
0.07395208
33836.1
4.686045e-05
4.616301e-05
1.108143e-06
5.444301e-05
1.023775e-08
120.259
8.070524e-08
7.450105e-08
1.035408e-05
3.896652
2809.933
0.3500941
4.461091e-07
1.448099
0.2492177
13.06519
176.7251
3.73415e-06
2.441419e-06
0.00256991
1.415741e-06
51.92316
447.8543
0.01593668
0.01151519
2.103071e-08
7.600543e-08
9.256225e-07
1.142799e-08
0.5858882
3.03329e-05
34.28884
3423782.0
0.001201987
0.0002891443
0.03564162
2.118053e-07
1.715539e-05
1.682416
0.3869088
0.02353692
6051915.0
1.411642e-05
1.239578e-05
7.967084e-07
4.570366e-05
0.002582795
0.0008261564
0.01936748
4.033404e-05
364.8542
8.457156
0.0004912014
4.242299
234.9935
224.6542
0.009911422
54.85826
3.103549e-06
3.906005e-06
1.979032e-06
372.2238
2.814151e-05
0.3183699
0.2382341
0.001952107
0.006415702
3.595295e-05
0.01898406
0.1314116
4.723206e-06
0.0008344554
5.641018
0.0003639056
0.004897784
25071.38
190.487
8.797797e-05
1.323479
82.24506
352.3058
1.930176e-06
2.908256e-06
1.051582
5.885293e-06
3.01817e-05
1.776636e-05
2.864962e-06
4.979765e-07
1.447372e-05
1.533637e-06
2.198096e-06
0.000128001
134373.7
0.506817
443.398
4.760663e-07
155.962
0.002325385
2.294435e-07
0.02667035
0.0001464991
0.004658949
97.48288
9.510465e-06
0.0009550494
0.02992028
3.214074e-06
499.9216
3.909122e-08
1.064699e-06
8520.177
1.128155e-07
8.233498e-08
6.99597e-07
117.2901
2.312632e-08
1.708348e-07
2.623922e-05
0.1756152
8.587461e-07
0.002062465
5.204772e-05
4.347503e-05
3.5446e-07
0.01036756
0.5517748
0.00592251
507.4774
0.0004313282
29.36606
0.0161775
8779.489
8.03027e-08
1.409807e-08
0.001355215
0.000175387
0.004322366
26.0458
6.926364e-07
297.2353
3.755866e-08
2.111922e-06
8.417472e-07
0.00146075
0.1911932
0.001497723
0.1333974
45.14061
0.1452304
0.0001386603
0.8739997
0.01001102
65437.79
1.377893e-07
4.147496e-06
350722.0
0.002011552
1.666174e-07
1.075397e-06
3.447095e-06
0.0001001902
151494.1
1.201385e-08
0.6507424
0.003030869
0.4406152
0.12563
8.459669e-07
2.095305e-05
0.0584659
6.388804e-05
0.0130482
171.5029
0.002783923
180.2947
1.432974e-05
1.375003e-08
1.97488e-07
3.381551e-08
0.2823734
51.15024
4.42954e-08
0.0005538203
261.0056
3.626703e-08
0.1367739
0.7790605
0.0004021727
0.001856917
0.002223074
1.682916e-07
0.003503741
275.7613
1.542554e-08
1.277324e-05
0.007125899
4.855378
0.006812346
7.910716e-08
1.544562e-05
3.96819e-08
0.005863594
6.360132
1.264616e-05
0.8231043
4.261423e-05
49.39117
1.132904e-05
4.547581e-05
1.451575e-06
37.70552
0.003795507
0.03257434
220.2064
74.79211
0.6221145
0.3280641
3.364682e-08
1.832201e-07
0.0001862305
4.156216e-05
0.08337912
4.713288e-07
7.807024
4.928752
26.17636
5.642695e-07
2.703816e-05
943264.5
1.147611e-06
533638.1
0.001655218
5.868276e-05
0.008573807
0.3607535
9.020481e-05
598.5019
0.006545283
1.60759e-05
1.706982e-05
0.01709204
2.597816e-05
0.002634961
3.088067e-06
0.02693833
6621425.0
29.66123
9.092032e-06
0.000171057
67.33816
3.172891e-05
32.13122
3.917339e-07
2.852961e-08
157.5292
0.0003243786
0.0006029451
247.0395
0.003092091
2.873282e-07
0.0403866
0.000659717
252197.3
8.930751e-05
3.474432e-07
12209.3
2.266845e-08
6.099798e-08
0.009666739
152.1118
1.604216e-06
0.01089905
0.001558838
31.02619
2.400029e-07
0.08506339
4.846624e-08
8.316226e-08
0.5800591
0.0002848404
0.09260863
1.321096e-08
8.047148e-07
0.5435598
595.5176
0.01975869
0.001598294
0.7598324
7.578546e-07
315.6133
0.002279347
0.003138815
7.80308e-05
1.004811e-05
1.454627e-05
0.0412023
1.653065e-06
4.822463e-08
0.1262596
2.738915e-06
13.73497
1.621633e-08
6.262315e-05
3.449848e-08
267781.9
0.0001502073
0.02437514
3.454334e-05
1.755272e-06
206.3502
24.28517
0.05673823
3.718501e-08
4.965329e-06
0.007757973
0.01198507
0.001082194
619939.1
3036858.0
9.207322
1.984186
2.148343e-05
285.5822
12580.88
2.204483e-07
2.766437e-06
1.212488e-06
15.10358
3.742001e-05
1.209584
5.974229e-06
0.003610423
109.3617
3.321561e-07
0.0003147923
7030622.0
1.207405e-08
0.1059921
5699694.0
2.304094e-05
6.267311e-07
0.1892909
2.646839e-08
391.3049
24.40687
9.633924e-07
0.004387673
0.2102445
4.610299e-08
1.381895e-08
0.00209363
30.1094
3322664.0
1.686454e-06
18.81967
1.051895e-07
0.0006402225
1.664843e-05
0.0001834584
1.506433e-05
2.87243
0.0006213043
5.654565e-06
8.544624e-07
14.87875
5.843666e-07
2.925172e-08
3.660222e-06
67.00247
348.801
1.194439e-06
544.2675
4.519008e-08
117.8781
5.276559e-08
9.025037
1.662678e-08
233.8213
77.06927
2.406996e-08
646.6969
0.002456848
0.0003513915
95.07637
19.88359
0.02720907
237520.1
2.930449
258.4092
7.638642e-08
51.66411
1.356979
0.0004790746
0.01123092
2.547659
0.5274971
4.385477e-08
13.00003
0.08942407
193.3658
6.33031e-07
0.01117491
14.51143
0.0004814768
5.336506e-05
0.02261416
20.18404
3.048501e-05
1.596216e-06
41.46269
0.000124841
14.95332
0.000201739
1.349535e-05
134.2404
0.02227748
8.373
0.3414507
11.41547
1.62976e-08
2.030747e-08
0.07971056
466.1284
0.0002099713
0.2529632
6.652847
2.816395e-07
0.02216639
3.464367e-06
314.0383
9.919352e-05
1.730526e-08
5.802327e-08
4.794578e-06
0.003852861
0.04622295
2.448504e-07
0.6315131
2.064114e-05
0.00140348
6.082128e-07
6.187016e-06
10.32928
0.1980025
1.195393e-08
6.424024
1.592395
6.990389e-05
377.8479
1.751588e-07
5.153001e-05
6.019812
0.3089617
19.48988
0.02129736
1.269301e-08
0.001257305
50.13739
549.7376
5.55871e-07
0.2323529
7.809299e-07
2.631537e-06
0.0006866397
68.01465
34.11784
0.005148867
8.085059
243.3621
10829.53
0.01735033
4.438861e-07
12963.76
0.474925
6.541994e-08
317.1941
18.44704
31.65287
0.0008138566
4.056855e-07
0.274029
4.028163e-08
0.00289752
3.191337e-07
1.690848
0.0007937659
2.335869e-08
4.904163
2.237792e-07
456.9014
0.0001676704
0.002688183
0.003628522
0.02775867
9.977031e-07
6.231099e-05
0.3028451
0.06115681
2.394996e-08
231.4952
407441.4
2.187139e-06
53.23723
6.668816e-06
43.58816
0.0004062136
0.008237666
0.001453465
70.43719
1.11103
0.08721594
1076.582
0.000908478
80718.11
36.04667
7.333315e-06
9.825586
0.1038936
1.275663e-08
3.831735e-08
1.963459e-05
0.0006338544
1.162161
1.437135e-06
6.955494e-05
1.412771e-07
1.020507
0.1605022
9.998004e-06
0.0001090776
7.010663e-06
1.072285e-05
1.268287e-06
0.02803761
0.0001816333
3.096115
0.000176266
7.754078e-08
3.158649
2.436295e-07
9.530457e-05
3.22245
281.3308
3074.378
5.069692e-08
2.156304e-08
1.525989e-06
23.68564
3.279001e-06
345.3313
0.0001610969
0.0002163646
47.45466
4.733142e-05
0.16873
2.233098e-08
8.580588e-05
0.00071824
60.02405
2.664905
0.8439377
6.550506e-05
1.477349
3.83672e-05
2.045213e-07
36.59134
77.84416
294.278
8.145113e-06
1.696264e-08
1.641373e-07
2.808245e-06
1.777527
1.179132e-05
0.0008179327
1.125788e-08
9.440374
0.02449735
2.082149e-08
2183743.0
0.01888938
4.213543e-08
1.821605e-05
57.95979
41.87924
1.0006e-07
0.06758788
1.060237e-08
0.0005650042
181.1981
0.0002695993
0.0002110235
0.1721382
7.30258e-08
0.006257327
0.00015096
3.534344e-06
2082.063
5.208937e-07
5.378841e-06
2.061434e-08
1.092521e-08
129.624
0.08421672
1.492195
0.004111585
4.197994e-05
3.288514e-07
3.206384
0.0006120569
1.41985e-07
0.0006531538
1.087073e-08
0.0001479712
9.248822e-05
2.967002e-06
8.710257e-05
2.364299e-07
102596.2
6.924311
3.457099e-07
7.487446e-08
9.679327
264.9494
2.209116e-06
0.003000718
2.393077e-06
126553.4
1.560084e-05
0.005412835
361395.9
0.000437846
12.55296
0.0177008
5.339195
0.0003694051
1.681574e-05
0.2442643
0.04058897
209.4684
2.447774
1589.684
0.7049331
0.0001524771
18028.29
3.050021
3.543553
5.726269
0.002756229
0.0009361403
0.0001053264
0.00154333
9.072931e-07
0.04715654
0.0006498977
0.008616775
3.916177
0.02341951
0.07544538
3.839792e-07
223696.3
5.390135e-05
0.0009408327
1.153361e-06
2.398109e-05
3.302362e-05
0.0009502868
9.758989e-08
0.002519031
166.4348
2.584861e-05
0.007994202
0.0004672493
33.94765
2.528369e-06
0.01079061
0.01449258
0.0001074539
22.19528
0.005226684
1.370615
95.55281
0.1219176
0.0003549225
2318687.0
104.5502
0.005385835
6.521114
4.298653e-08
0.0001135285
77.45576
0.05343453
0.6638888
0.1049375
1.813972e-07
20.28518
38147.16
0.001475428
0.001190029
0.0001619043
0.1307563
0.002031765
141.1222
2.881623e-08
87.76783
6.069368e-08
0.03067764
0.296849
5.076272e-05
1846.767
3.935798
2.160194
2775647.0
3.190387
1.713307e-08
1.208978e-05
0.4517664
1.654389e-08
0.03225028
73774.86
0.0009268266
3.422702e-07
0.000102214
1.549047e-06
13.66646
0.2983369
0.07212644
4.67621e-06
0.9373594
1.445492e-08
5209443.0
3.43986e-07
0.003400199
9.682207e-07
0.02005725
38.65986
4.381976e-06
331.7921
1.944904
0.3363676
3.800446
0.4725582
238.5441
0.01946457
1273023.0
0.1013288
0.0005793068
2.679055e-07
1.036236e-07
174.9667
1.224672e-06
0.006578073
423.8905
7557.302
0.0007780494
1.767775e-05
1.845253e-06
5434.301
4.954908e-07
21.32507
0.06239205
0.005805247
8.623625e-05
0.1003207
0.08051129
0.000133224
0.0001472334
3.388655e-07
7334.082
0.0137171
1.160069e-08
23.80437
4.089021e-08
1.949572e-06
6.138339e-05
0.002290773
8.841931e-05
5.120629e-08
0.001630579
10.64382
0.0001158216
0.0004719439
3.956715e-07
1.983193e-05
20.79863
1032035.0
13.39588
51483.14
1.141887e-06
0.9756084
0.0005347717
27.51826
1.608875e-07
0.007566464
0.571424
1.469245e-05
707.5604
5.302997e-08
2.34008
8.935217
6.3487e-08
7.224137e-06
0.001606306
2.773645
2.149418
0.02932788
5.8314e-08
69.73645
0.11087
0.0003009429
4.407452e-08
7.764187e-05
1.49892e-05
0.5829684
3.097041e-07
0.0001169855
5.298773e-06
112.1299
122.0762
0.01344553
12.42807
4.96931e-08
2.47831e-06
18.63242
1.2402
4.560782e-06
1.817786e-06
1.262972e-08
3.580223e-07
28.49829
3.559526e-05
178.501
17495.83
0.0655904
1.139491e-07
0.1177249
0.004682313
487738.9
3.184645e-08
0.002941307
0.007161572
0.0009039451
1.507188
49.14478
1902.973
6.504172e-06
7.831984e-08
0.009812815
1.63793e-08
0.0003584885
2.782529e-08
3.157062e-05
0.0004602917
7.315771
2.68469e-06
3.27115
9.02772e-07
0.002956049
0.0001032411
2.024867e-07
2.029123e-06
3.988075e-08
0.4026952
1.26525
3.745e-07
3.743877
1.215647
71.14494
2.610834e-05
0.002661442
0.02588224
1.180074e-07
0.1637441
2.278202e-08
0.3698849
106.13
2.387347
1.376792e-05
55.6873
2.922836e-06
0.001149104
0.1459583
1.39578e-08
2.122508e-06
0.01752467
5.612909
0.08254978
5.754983
1.013589e-08
21581.22
136.2689
0.427594
1.687803e-08
1.034062e-08
56.81216
1.534864e-08
8.125576
7.086774e-08
0.004498729
1.837521e-08
4.652906e-06
0.02205587
0.003950386
11.70441
3.817577e-05
15.02826
1.221127e-05
0.001757557
5599.665
8.435159e-06
0.5408498
1.062148
3.782619e-07
1.353452e-06
23.92367
3.855942e-05
309.3645
1.144861
0.04161626
2.040921e-08
37.89446
58.25026
0.3313614
70.79012
0.3043624
1.553547e-07
2.548414e-07
0.003417234
9.229423e-06
0.6739194
3.982706
9.48769
0.1474249
0.02536977
17.63544
0.3773566
1.038415e-06
1.360236e-06
0.001894424
2.188883e-08
502.4271
47.69259
2.522315
0.02474353
7.239345e-05
0.3811493
0.2091957
1.303124e-05
1.156366
0.01683762
5.050977e-05
2.492722e-08
0.0001586987
3.501977e-08
0.0006182063
0.3888471
0.0003620909
38.46713
0.02601197
8.584953
0.0001193484
0.001811074
140.4185
3859993.0
0.4702003
3.14384e-07
1.804925e-07
8.104474e-06
0.0004649179
0.1827813
25.78666
2.515756e-06
0.0001555568
0.524866
3.110073e-05
31.81154
0.0003427169
1.47351e-06
1.514742
2.480293e-08
8.327093e-05
2.410128e-05
3.779607e-05
0.02401231
5.36753e-07
5.809874e-05
0.01833119
3.697004e-06
0.09214686
4.735503
30.71756
68.35597
24.65216
1.363095e-05
0.0732159
7.693069e-07
0.009570575
0.0003309306
0.0007218357
4.085758e-06
6.871886e-06
9.565772e-08
3.353946
678283.5
2.663566e-05
2.101388e-06
5.181422
2.128035
0.0649379
144.6943
0.2210225
0.0008598644
2726.94
1.943924e-05
3.094559e-05
0.004824889
1.377483
160.7111
148.3566
2.673435e-08
1497.167
0.001482822
7.534744e-05
79.02004
29.80988
1.307952e-08
0.0008220351
45.82271
1.984778e-07
0.3431621
2.328415
92.72916
6.094902e-06
9.368891e-06
1.297663e-07
1.786437
3.670852e-07
0.1670514
1.43412e-07
2.59912
0.000690082
0.1481639
0.06624939
7.391488e-07
174.0943
10.17552
0.0003342554
0.0001736421
4.255891e-08
76.68532
0.9234052
0.3680415
1109.346
1.337176e-07
1143.109
2.586153
0.0002577375
2.070106e-06
1.022957e-06
774.1497
0.0002078819
92.26675
0.0002463983
0.03841718
0.4495134
0.0001107258
1.545338
203.2785
0.01052422
4.524887e-05
271.6559
1.200424e-06
4.371466
1.440877
5.272346e-06
0.04331447
0.001315167
9.613708e-08
6.1414
1.089357e-07
9.001591e-06
0.01609683
7.24297
0.02015779
5.991591e-07
0.8524162
0.3553834
0.0006798065
0.000170204
0.01569943
0.0001807273
1.628458e-06
517877.2
102.9939
14.80454
0.0469215
29.95923
0.002052181
627.5987
3.516722e-06
2.746874e-07
25.4028
0.001748791
6126.659
0.001961891
6907.254
1.046338
2.126967e-05
577.9181
0.3518487
0.0863482
0.4585937
1.669678e-06
0.9467788
0.3927554
0.0001745124
0.001903915
0.04079229
0.197015
8.671219
1542.732
61.23613
0.09123007
2.03441
2.176228e-06
20.48905
6.616329e-05
73.31132
0.0001372808
1.541323e-06
0.01228843
5118.011
31.33796
0.09542863
4.394698e-07
487.5824
2.374254e-05
1.732776e-05
4.549852
9.236804e-08
6.456247
510.0194
3.467135e-08
0.001120736
16.36133
6.222971e-08
4.856827e-07
2.255539e-08
2.287794e-06
0.2370462
3.704774e-05
4761335.0
27.93404
1.11928e-06
0.0006090055
3.524107e-05
1.17079e-06
1.105489
4.018978
0.02680402
1.114588e-08
0.001766364
4.130108e-08
1410.034
2.605355e-06
9.283099e-08
0.0002391168
3.579154
2119245.0
0.2672643
4.391183e-05
1.931719e-08
7.983836e-06
0.006072401
5.598323e-06
6822955.0
1.177599e-08
0.4297375
1.030245e-05
6.375395e-06
2.727438e-08
0.0001352371
1.795391
7.518953e-06
0.1902397
29.07393
0.00183844
2.828248e-05
2983.574
90.89311
4.551215e-07
1.124889e-06
2.801519
5.17207e-08
134.9134
1.868652
0.0001428824
2.383052e-08
2.638394
1.716399
2.633644e-08
3.993282e-05
0.001172315
6.654839e-07
0.00221199
4.201343e-07
1.572457e-06
8.244224e-05
2.999207e-08
432618.2
2.57197e-05
7.09599e-05
0.909657
28.78464
517.7271
9.710321e-08
1.25567e-06
5.986789e-05
253.293
0.06526345
1.615647e-05
44.46854
25.15013
2.231316e-06
405.2417
0.09495273
1.313457e-06
0.03599968
3.014247e-08
3.489052e-05
2.718731
1.072822
222.4192
11.02289
2.620511e-08
91.80662
7.135161
0.0001118385
0.02627334
0.5042899
7.339162e-08
2.18255e-07
43.15447
3.265254e-08
2.937486e-06
0.2953682
0.008404042
1.422837e-06
2.26503e-06
0.001071427
0.006710954
26620.64
0.0006935378
5.351989e-06
1.373905e-06
0.01235002
0.3448817
0.0003844782
85705.81
5.666449e-05
0.00031955
0.5629206
274.3855
0.006611049
580.817
7.066277e-07
658249.2
7.71541e-08
8.040686e-05
1.24579e-05
0.1008235
0.000101197
1.623743e-05
2.553771e-06
1.568689
1.06555e-08
0.03978533
107.1965
0.2909714
55.96638
49.63869
0.05934931
5.682917e-06
3.484516e-08
0.8961226
326.8533
15.48586
0.02172756
1.564614e-06
0.0003292804
1.699323
0.0001292873
6.586631
11.82203
6.817799e-05
0.003574507
236.1707
4.905615e-07
9.144906e-08
4.013296e-05
1.171727e-08
3.311952e-06
17.54748
0.001410514
12.12127
5.989779
0.2713025
4.759246
1.96503e-07
0.0135129
7117.494
4.008071e-08
0.02918165
0.0005483087
2.901293
24.0436
5.078819
2.561192e-07
0.0009455479
2.04358e-05
0.0001602935
473333.8
29125.87
0.0005939689
19.19977
0.02846126
1.499673
1.633186e-07
1.640882
0.004236776
8.006986e-07
0.00417371
8.96387e-08
0.01140063
1.673189e-05
1.070034e-06
1.939848e-06
3.034815
1.583658e-05
3.688146
3.752866e-06
2.334003e-06
1.679387e-08
1.734161e-07
2.13485e-08
1.783221e-08
4.158303
0.006226118
1.347781e-08
1.536862e-05
6.490552e-07
0.003076672
31.49511
0.5170544
0.0004164954
8.285526e-05
42.0893
1.191933e-07
0.0004102958
19.10401
0.06270459
0.09687065
5.812801
14.36707
4.338375e-06
0.009618538
0.01291839
0.002854391
359.4217
0.05617373
0.4943055
1.234015
0.0488361
0.002985754
3.223408e-07
6.317013e-08
1.056852
3.387648
0.001143373
470.8125
1.492637e-07
1.91499e-05
6.682803e-05
0.03129727
6.837597e-06
787972.9
0.21992
2.546378e-05
6505.24
336.8065
0.4608923
28265.63
50.64114
9.72784
1.390627e-05
1.556811e-06
0.03306664
1.287453e-06
16.52574
6.94648e-08
5.146279e-08
2.867261e-08
0.07176631
0.0001928632
0.006383702
5.871226
0.0646142
16.85955
4.350969e-07
1.216009e-07
1.08306e-05
300.2221
0.0008513093
9.518064e-08
0.4128892
0.08379698
11.24555
0.3907965
0.3397487
1.969162e-06
19.296
1.150941e-07
0.0003410073
0.001646964
0.006915326
67.67572
36.40888
4.277205e-08
3.669758
2.497217
2.612922e-07
5.919509e-08
1.054949e-08
237.3542
279.9282
2.38806e-07
0.6909768
8.477455e-06
5.780904e-05
1.025107e-05
228.0488
1.5816e-08
5.931956e-07
7.990206e-08
0.0121055
0.0002174493
0.008968369
1.227861
99.45193
7.06414
4149.158
0.0007401094
2492.388
4098530.0
9.393295
6.380484e-08
1.221739
0.4918404
413.4268
6.735806e-06
5.959928
2.192834
156104.6
1198935.0
125.7935
4.180393e-07
4.895337e-08
0.007269839
5.944455e-06
2.221963e-08
4.770682e-06
39308.06
1.010355
375.9632
3.953539e-05
4.077185e-07
2.96937e-08
5.419853
93.19393
0.001784115
0.2593668
0.0008057607
0.4869466
1.261963e-06
0.02295585
0.0002240703
9.04672e-06
0.0001211519
72.22018
401.2095
20.5917
0.0005621878
57.38313
0.4340545
0.2050542
86.02946
0.5354693
207.3842
3.798545e-05
3.371754e-07
0.0003883417
0.0001825437
5.432875e-06
0.000751294
797.7057
0.02425363
2461972.0
1.954649
11.47268
1.136192e-06
1.431111e-08
0.02889132
0.004010082
47.21811
1.057167e-07
1.897453e-07
10.85881
5.785529e-07
200.2525
0.001714168
3.552061e-06
4.222406e-07
0.001731394
18576.97
1.369927e-05
0.0007898101
43007.42
18.08181
0.0009940202
686.6604
2693666.0
2.053823e-05
0.01442029
5.855945e-06
2.412055e-07
0.00264817
1.440156e-05
0.1496528
1.423973e-08
5.116546e-06
5.526582e-05
0.006846484
213.6993
2.434349e-05
8.846308
2.594436e-08
22.8711
0.0001146694
0.0001919014
0.0004489288
0.01392438
1.470419e-07
12.87069
2145.425
2.592362e-06
5.670998e-07
0.002396192
0.0007664662
0.01041952
3.220833e-05
41.25583
143.2546
0.000412353
5.044407e-08
7.731644e-07
65.02223
0.1275284
0.0192709
6.021602e-07
4.688408
0.7447852
1.765477e-08
1.00573
7.051459e-08
0.1950549
9.751188e-06
0.1231427
5531346.0
0.0005189714
357.6303
0.0001627158
5.514976e-06
4.831156
78.23445
525.5501
0.01743728
1.823063e-07
5.570398e-06
1.826897e-06
0.004215648
0.0008386408
21.21876
6.236088e-07
2.676914e-05
2.0755
1.384799e-07
254.5624
6.569537e-06
0.5093581
7.944025e-06
1177.899
0.00167185
122815.6
6.789253e-07
2.180806e-05
1879750.0
2.322362e-06
0.002544344
0.001439005
1.290807
48486.87
0.001024288
3.378842e-06
2.3457e-06
1213.747
3.12159e-08
0.003592418
1.336108e-05
5.557049
0.0002949848
4.295208e-06
1.77291e-06
1.341059e-08
11.35854
9.46304e-06
8.975524e-05
4906249.0
3.689251e-07
2.856672e-05
7.028941
6.412496e-08
3.269507e-05
0.01658698
0.0002501213
0.1153941
0.008879149
0.0002994417
0.2020015
0.0002263219
0.0001042785
0.1662183
9.346453
2.472372
0.0005880584
1.850059
0.01907921
1.804389
3.633238
58.83545
10.75078
0.0002308934
2.573256
6.343618e-06
8.982691e-07
7.158028e-08
926.7135
5.261266e-07
0.4821034
2347.332
0.001680229
31.18172
0.002432407
6425881.0
142.5403
7.463529
30925.74
4.807072
0.2081526
0.6378608
0.003814541
1.001132
9.535234
66.33572
2.990526e-07
1.244171e-08
0.8189987
3.861268
0.0003712563
1.398715e-07
35.68796
6.686187
3.05093e-07
1.558057e-08
3.649623e-05
19.78443
282.7414
6.536785e-06
4.804664e-05
7.031056e-07
0.02194587
1.84673e-08
2.984258e-08
6.67414e-08
5.814545e-07
1.922087e-08
536.1656
0.3849784
1.236978e-06
0.001446217
3.96503e-06
1.66135e-06
0.04576311
3.812625e-08
461.4922
78.62596
7.46573e-07
1.113697e-06
0.001104052
14.29542
1.52157e-05
0.0004838903
6.843091e-08
35927.01
42.30011
0.0005822086
3.128159e-07
0.01675367
3.239565e-07
0.02499217
194.3348
75.92247
4.135487e-05
0.002742484
9.820662e-05
0.0007364191
11.13366
0.3967015
0.2542314
0.02962266
4.240167e-05
0.0006764156
5.142184e-06
1.219538e-08
41.0501
0.03114123
8.351207e-06
155.1843
0.02947491
8.666848e-05
1.854502e-06
3.605737e-06
7.406989e-06
91.34887
3.236976e-05
0.0001890447
0.001137672
1.076257e-08
1.109029e-08
0.03511099
0.1430684
0.775177
0.05133957
2.375442
307.821
6.280486e-06
0.04309855
3.020581e-07
4.891422e-06
7.428545e-07
3.471652e-05
2.203827
88.20705
1.90544e-05
7.786744e-06
2.03929e-06
65.67596
167.2688
36.77474
0.2221302
259.7039
1.567903e-05
27.24445
2.754845e-08
0.1466897
20.69491
0.02272747
27.381
3.314602e-08
2.31749e-07
30012.32
5.417147e-05
255.8381
0.0005735424
5.392847
8.399781e-08
0.002348754
0.0002439465
3.432643e-08
277.1434
5.448663e-07
0.2467185
3.973363e-05
0.0002185387
0.9610849
2.145551e-08
0.1075937
8.89067
5.756692e-07
0.001087618
159.9096
27.65614
1.191577
0.0003070214
7.871289e-08
5.914784e-06
7.881501e-05
0.01500873
1667320.0
12.9352
1.945481e-07
11.53018
0.001009041
2.023248e-05
217089.8
3.481733e-06
15.79867
6.458169e-07
7.792937e-08
7.206826
0.2232431
33.60997
1.296625e-05
0.2767832
8.484243e-08
36.22723
1.600376
0.001044977
0.001251034
3.706628
1.994723e-07
13.19648
48.89978
6.407356e-06
0.06964584
0.002912048
1.53042e-07
0.001214066
0.005123191
0.001126353
1.803482e-05
0.1028599
63.10102
62.78625
5.31255
0.005174684
0.00458961
8.209687e-07
2.253737e-06
0.002200958
4.137572
5.474325
0.00014217
0.01095366
2.124205e-08
3.335543e-05
549880.3
1.258941
0.001060769
69481.22
2.836461e-06
592.5476
303.2392
4620702.0
2.351809
3.976536e-07
7.354622e-07
2.509735
0.02762018
96.513
0.001166468
0.2188237
0.00454393
1638.065
0.0007146576
638808.7
0.0378452
9.388582e-05
0.0002451692
0.001574503
8.226956e-06
5.744607e-08
0.0002037662
0.0001899922
0.001793056
2.838732e-08
0.004566725
37.14424
9.674467e-05
0.001368832
2.004719e-07
8.495237e-05
5.783803
0.001004008
1.959343e-06
0.001232411
288.4523
0.110317
0.6442691
0.0002669167
6.906311e-06
0.04530782
0.001829273
0.05211558
210677.6
8.250793e-07
1.973302e-05
4.593265e-05
3.075125e-08
0.006744581
32.45415
1718062.0
0.01174778
1.008535e-08
0.7120164
1687.919
5.31413e-07
4.711899
0.4318904
1.624559
0.5490222
8.393128e-06
0.01180667
0.04203455
0.01601653
0.4170387
0.0008470678
847.0048
16.03739
0.8149192
2.362411e-05
0.008155683
84.74932
0.0422452
0.0007327477
1.293906e-06
6.204963e-07
6.298718e-07
0.0008816353
0.0004400407
4.90171e-05
6.855395
426.0148
3.198045e-06
0.1086749
2.092582e-08
1.303777
1.69983e-07
55.40965
6.961073e-07
170.6477
0.005577661
0.0003276383
0.1201027
0.07358304
6.488611
0.006512632
1.496973e-08
0.0158572
0.002506469
0.5327988
0.08765302
7.312073e-05
0.0001112808
473.1716
1.774326e-08
8.830449e-08
17.72383
11498.74
37020.5
0.03728192
0.0002285963
0.01016229
3.781505
497.4301
57.67075
0.01222716
186.7159
1.350614e-07
0.009763882
1.867714e-05
504.9466
0.04810904
1.759845
0.05702262
0.158113
0.03458831
230504.4
2.003119e-05
0.0391931
2.41906e-08
48.4132
0.04739296
2.815559
0.0002616321
2.46595e-06
3.207332e-07
1.20391e-07
0.03860958
1.720518e-06
113.8243
12.06082
1.164952e-06
0.0003787556
3.182098e-06
250.7732
0.0003444346
1.368146e-08
0.06895285
1.278345e-07
2.405071e-06
6.702218e-06
1.028906e-08
5.542616e-06
96625.36
168.1072
6.051794e-07
101.9692
0.03636152
0.04396904
2.850676e-06
100.4513
1.616937e-07
4.219024e-05
0.6252304
5.69485e-05
0.0001771494
7.101686e-07
2.607442e-08
387.4122
1.284752e-07
2.560429
0.01073679
99566.02
0.0004185827
335.1269
1.741462e-05
8.333718e-07
0.08172799
5.768791e-06
6.112604e-07
0.00030856
6.080302
0.9804981
0.08132102
0.0005374526
5.36595
1.469982
0.001276304
0.00619505
16.94403
6.328419
0.0191748
3.509341e-07
13.87297
83.90577
4.097626e-07
0.09168728
7.370087e-06
0.001505229
2.625237
4.273795e-06
168.9496
0.04374971
2.305249
8.375462e-07
10.53792
9.210067e-07
78333.98
0.01634006
55.13341
0.001178189
0.0001325597
0.0002862676
0.01625857
1.476609e-05
35.86677
7.167317e-05
1.467334e-08
558.0427
0.0001260955
2.741106e-08
8.735557e-06
42.72512
35.33289
0.0001450416
1.418716e-05
1.397597e-05
1.552306e-05
1.416872e-08
340.19
0.09735613
23.56754
0.003202215
0.0005401477
7.389271
2.886826
1.484753
0.01011162
2.730986e-05
17.90192
2.732361
113.2566
2646.401
12.30443
301899.0
83174.4
751.2816
26.97341
8.36877e-05
1.025927e-07
1.419428
3.554902e-08
0.003250601
22914.87
6.107729e-05
298.7252
0.0005138067
58.54215
4.437542
1570284.0
0.1136762
0.4006873
1.813431
3571.565
0.0001457684
0.01870144
0.02748249
9.869878e-05
492.4809
0.0119253
2.270929
19724.95
108936.3
0.001740072
21.53939
3.134734e-06
459.19
438.9871
2.460045
7.152297e-06
2.946014e-07
0.006677466
0.0004466908
0.008074528
4.363595e-08
6.265458
0.0007741694
1.196949e-05
0.03407345
7.77041e-07
1.110474e-05
4.83259e-07
0.0001379688
98.9559
0.003283265
0.03938945
5.669305
0.0202588
3.850939e-08
90.44026
0.9659024
17.28628
149.8474
4.053625e-05
0.003664976
6.509376e-08
1.550285e-08
0.2504664
1.760368e-07
1.401656e-06
2.45881e-05
0.003538942
1.877074e-05
9.779506e-07
1.704765e-08
450.0996
4.94453e-08
0.000293514
124.5421
6.008975e-08
468.4648
8.823353e-06
1.083926e-07
0.05237649
1.951129e-08
0.004800817
1.133472
3.644879e-08
8.786346e-08
5.394443e-07
2.138703
7.729349
0.001866222
3.106024e-08
1.122529e-07
0.1791625
4.870924e-08
0.004132187
56.24689
9.898535e-06
6.749976e-05
2.665701e-07
0.4563066
0.002715199
1.116598
4.641743
275931.7
4.03662e-07
9.927284e-07
0.6875308
133.571
0.02238914
1.518379e-06
6.064521e-06
0.001382589
0.04353152
601627.5
0.0006564284
2.810488e-08
395407.1
15.95741
2.199858e-08
10.96793
2.106864
2.760637e-07
6.034282e-06
8.519938e-06
0.06365241
0.1629276
1.510806e-06
3.369061e-05
52.7076
0.0002367376
3.3985e-08
2.17797e-08
1.873139e-06
8.76092e-07
0.002302249
0.3264283
0.1044143
1.935777e-07
99.95032
4.483457e-07
7.654747e-07
0.2726622
9.956102e-08
2.72526e-06
82.65686
0.001991536
25.65807
0.0007819484
2.650288e-05
4.393385
0.0004579968
1.426967e-07
131.5827
0.1388407
7.060637e-05
2.033388e-05
2.508477e-05
3680.266
0.004776884
463.8058
3.111634
555.2613
1.035927
3.232773e-08
0.1960325
318.7842
0.04266971
0.9961435
0.001535632
6.311981e-06
61.54341
34.6334
3224526.0
0.09833442
4.994202e-08
2.99682e-06
1.07852e-07
872.7776
0.01538861
3.125659e-05
3.285894e-05
0.1489064
0.001802041
7.275643e-05
0.2895209
21.11291
0.00719749
0.2567861
0.8108512
2210.724
5.105795e-07
0.01157291
5.530976e-07
0.006351887
4.783102
16.11778
0.7713124
0.0003227609
1.691353e-07
0.362562
11.30191
5.193855e-06
0.4655236
3.079125e-05
0.09882733
0.05589361
4.818612e-06
9.137598e-06
0.0003825606
0.02077161
4.114871e-05
1.589526e-08
101.4607
0.1511566
301.7271
33.7784
1.895937e-05
0.2866404
7.281457e-07
0.0001254667
7.193854e-08
0.2134215
0.4540308
75.54358
1.694908e-06
1.045813e-05
0.3466106
122.6881
6.049986
26.70505
0.0003806526
7.538547
0.0001948013
10.43308
169.7965
330310.4
0.08853442
1.484008e-05
3.059791e-08
0.00610282
0.004996721
0.1327321
0.0007703083
0.01471157
370.3675
8024.26
0.01577812
0.0001977447
2.310784e-06
3466.08
419.6738
0.002444596
0.0248675
7.5725e-05
262.3136
292.8104
0.0006696898
6.453001e-05
1.394665e-06
6236088.0
0.09447921
79.81458
53.50417
284.1582
105.0741
0.005981994
0.0009990024
5.586551e-07
0.02284141
9.906455e-08
5.797676e-06
0.0659192
17.81266
7.848443e-07
70.08614
666.3793
0.07620373
5.460122e-06
165750.9
0.0001027262
0.03273759
0.1237598
0.1409387
0.0006151225
1.426543
1.882526e-06
4.5046
7.576277
3.320581
2.973236e-05
8.292161e-07
0.008320402
9.730727e-07
4.159536e-07
2.065152
0.07432241
0.05533764
0.0185154
0.0002196343
3.081593e-07
0.0004041884
212.6337
0.1704255
10.27778
0.006133422
30.87147
2.327243e-05
1.83991e-05
0.6540069
399.2093
1.612257e-06
1.231793e-08
3.613314e-05
0.04553489
153.6404
4.867022e-06
6.476897e-08
3.760749e-05
13.5305
121.4675
69.04271
366.682
0.001705621
8.874652e-08
0.0004961383
32.94447
2.215529e-07
0.02524327
1.887991e-07
1.553083
80.61671
1.674028
19.58758
4.94059e-06
0.005046921
0.003366373
0.01298314
397.2186
0.001663512
4.109527e-08
0.03083136
6.42081e-05
0.0006275468
1.599573e-05
2.473111e-07
5.773396e-08
0.5462839
39.83716
9.924321
4.666416e-07
3264.353
0.007680813
0.03493586
0.2071146
2.24429e-08
6.285511e-08
0.01311361
2.744673e-05
2.169931e-05
59.72467
0.002083191
0.02511741
6.889759
115667.8
11.18946
1.116039e-05
3.615121
0.07248789
0.05290283
1.600851e-07
14183.78
0.8355419
0.6283647
0.1018367
1.955232e-07
0.1534406
0.001697114
415.4985
4.726979e-08
9.396094e-07
0.03822557
0.1360919
0.0003376151
0.006984816
4.662691e-05
0.01562114
1.23081e-06
4.596949e-07
0.001375693
1.323873e-07
4.048348e-08
0.000498625
2.340778e-07
0.0001540091
96.99675
4.016498e-07
60.32484
40.84549
0.002970861
81.02024
2.503213e-06
0.3297081
1.836051e-06
8.89336e-07
7.375993e-08
0.2998319
2.945138
204.2971
383.5573
0.2619728
0.0009646467
1.357383e-07
0.04485708
0.01378585
1.522788e-07
3.174483
0.05316797
23612.24
2.376148e-07
5.286078
0.2300413
0.01317932
252.0299
3.623804e-06
0.3105103
575.0371
63.4172
1618074.0
0.003061323
0.2781696
0.647501
0.2166465
0.05159683
0.0354638
115.5442
5.230854e-05
5.198003e-08
5.447034
5.554271e-05
6.444604e-08
172.3622
4.349682
0.00270166
3.894686e-05
8.91206e-06
0.003891576
9.299839
266.2779
